# column 1: No. of Structured Blocks
# column 2: Free Energy (kJ/mol)
  1   31.147
  2   25.746
  3   24.453
  4   23.713
  5   23.953
  6   23.568
  7   23.628
  8   23.770
  9   24.387
 10   25.343
 11   26.052
 12   26.546
 13   26.388
 14   26.368
 15   26.042
 16   25.993
 17   26.118
 18   26.399
 19   26.841
 20   27.516
 21   28.034
 22   28.557
 23   28.862
 24   29.157
 25   29.379
 26   27.069
 27   27.853
 28   25.741
 29   25.598
 30   24.882
 31   24.805
 32   24.736
 33   24.436
 34   24.000
 35   20.937
 36   15.874
 37   18.063
 38   14.918
 39   14.756
 40   13.975
 41   14.492
 42   14.395
 43   14.626
 44   15.086
 45   15.761
 46   16.076
 47   16.688
 48   16.417
 49   16.189
 50   14.785
 51   13.788
 52   11.843
 53   12.917
 54   12.697
 55   12.598
 56   12.186
 57   12.774
 58   13.150
 59   13.484
 60   14.153
 61   13.864
 62   13.580
 63   14.004
 64   14.145
 65   13.929
 66   13.920
 67   13.012
 68   11.211
 69    9.265
 70    8.202
 71    9.899
 72    9.130
 73    8.696
 74    7.574
 75    5.128
 76    3.870
 77    5.347
 78    6.225
 79    8.086
 80   11.146
 81   13.635
 82   18.047
 83   23.703
 84   28.052
 85   33.418
 86   36.826
 87   42.399
 88   49.858
 89   56.585
 90   63.915
 91   70.584
 92   78.405
 93   86.430
 94   93.872
 95  101.911
 96  109.855
 97  119.296
 98  127.805
 99  137.124
100  154.930
101  176.553
