# column 1: No. of Structured Blocks in N-terminal half
# column 2: No. of Structured Blocks in C-terminal half
# column 3: Free Energy (kJ/mol)
  0   0      inf
  0   1   55.450
  0   2   52.690
  0   3   50.981
  0   4   50.105
  0   5   50.998
  0   6   51.817
  0   7   52.667
  0   8   54.015
  0   9   55.384
  0  10   56.696
  0  11   58.187
  0  12   59.787
  0  13   61.377
  0  14   62.968
  0  15   64.554
  0  16   65.915
  0  17   66.949
  0  18   67.676
  0  19   68.160
  0  20   68.561
  0  21   69.134
  0  22   69.845
  0  23   70.656
  0  24   72.054
  0  25   73.485
  0  26   74.688
  0  27   75.746
  0  28   76.400
  0  29   76.470
  0  30   76.306
  0  31   76.369
  0  32   76.652
  0  33   77.763
  0  34   80.197
  0  35   82.543
  0  36   85.243
  0  37   90.670
  0  38   96.396
  0  39  100.472
  0  40  105.898
  0  41  108.658
  0  42  116.639
  0  43  124.006
  0  44  130.969
  0  45  138.353
  0  46  145.710
  0  47  155.366
  0  48  163.481
  0  49  172.624
  0  50  190.375
  0  51  211.903
  1   0   31.147
  1   1   27.555
  1   2   27.416
  1   3   26.328
  1   4   28.426
  1   5   29.882
  1   6   30.520
  1   7   32.761
  1   8   34.871
  1   9   36.511
  1  10   38.864
  1  11   41.366
  1  12   43.476
  1  13   45.302
  1  14   46.945
  1  15   47.396
  1  16   47.408
  1  17   47.523
  1  18   48.232
  1  19   49.821
  1  20   50.811
  1  21   48.983
  1  22   48.267
  1  23   50.079
  1  24   51.718
  1  25   53.145
  1  26   55.341
  1  27   55.994
  1  28   56.845
  1  29   57.219
  1  30   54.003
  1  31   52.156
  1  32   52.699
  1  33   55.297
  1  34   57.031
  1  35   59.276
  1  36   65.307
  1  37   71.601
  1  38   75.048
  1  39   80.452
  1  40   82.047
  1  41   91.647
  1  42  110.153
  1  43  112.426
  1  44  128.683
  1  45  135.482
  1  46  141.518
  1  47  148.674
  1  48  152.363
  1  49  163.085
  1  50  165.189
  1  51  184.001
  2   0   27.511
  2   1   27.478
  2   2   27.346
  2   3   26.270
  2   4   28.375
  2   5   29.817
  2   6   30.458
  2   7   32.696
  2   8   34.808
  2   9   36.447
  2  10   38.796
  2  11   41.286
  2  12   43.384
  2  13   45.174
  2  14   46.791
  2  15   47.214
  2  16   47.290
  2  17   47.102
  2  18   47.377
  2  19   48.854
  2  20   50.063
  2  21   48.708
  2  22   48.054
  2  23   49.766
  2  24   51.276
  2  25   52.501
  2  26   54.509
  2  27   54.739
  2  28   55.520
  2  29   56.333
  2  30   53.646
  2  31   51.309
  2  32   51.210
  2  33   53.750
  2  34   55.625
  2  35   57.471
  2  36   62.874
  2  37   69.060
  2  38   72.954
  2  39   78.540
  2  40   80.194
  2  41   87.929
  2  42   97.527
  2  43  104.687
  2  44  111.879
  2  45  119.268
  2  46  126.522
  2  47  136.212
  2  48  144.111
  2  49  153.300
  2  50  163.316
  2  51  182.210
  3   0   26.988
  3   1   28.454
  3   2   28.327
  3   3   24.895
  3   4   28.565
  3   5   27.558
  3   6   28.790
  3   7   30.844
  3   8   34.095
  3   9   36.689
  3  10   39.588
  3  11   42.203
  3  12   43.061
  3  13   40.923
  3  14   41.298
  3  15   40.565
  3  16   42.484
  3  17   37.595
  3  18   36.080
  3  19   33.131
  3  20   35.725
  3  21   39.060
  3  22   42.004
  3  23   40.152
  3  24   39.455
  3  25   39.106
  3  26   41.608
  3  27   39.319
  3  28   40.266
  3  29   44.584
  3  30   45.799
  3  31   35.825
  3  32   34.297
  3  33   37.209
  3  34   39.168
  3  35   40.303
  3  36   46.266
  3  37   53.162
  3  38   55.998
  3  39   63.367
  3  40   62.878
  3  41   72.414
  3  42   92.740
  3  43   93.216
  3  44  110.736
  3  45  117.371
  3  46  122.918
  3  47  130.411
  3  48  133.182
  3  49  145.614
  3  50  145.954
  3  51  164.765
  4   0   27.454
  4   1   30.853
  4   2   30.735
  4   3   25.444
  4   4   29.990
  4   5   27.862
  4   6   29.245
  4   7   31.247
  4   8   34.915
  4   9   38.149
  4  10   41.674
  4  11   44.463
  4  12   44.082
  4  13   40.933
  4  14   41.220
  4  15   40.438
  4  16   42.450
  4  17   37.411
  4  18   35.882
  4  19   32.921
  4  20   35.517
  4  21   38.873
  4  22   41.897
  4  23   39.965
  4  24   39.254
  4  25   38.900
  4  26   41.403
  4  27   39.110
  4  28   40.057
  4  29   44.382
  4  30   45.636
  4  31   35.616
  4  32   34.087
  4  33   36.999
  4  34   38.958
  4  35   40.093
  4  36   46.056
  4  37   52.952
  4  38   55.788
  4  39   63.157
  4  40   62.668
  4  41   72.204
  4  42   92.556
  4  43   93.008
  4  44  110.635
  4  45  117.242
  4  46  122.749
  4  47  130.219
  4  48  132.973
  4  49  145.412
  4  50  145.744
  4  51  164.554
  5   0   28.602
  5   1   34.077
  5   2   33.969
  5   3   26.682
  5   4   31.816
  5   5   28.984
  5   6   30.437
  5   7   32.414
  5   8   36.301
  5   9   40.008
  5  10   44.276
  5  11   47.358
  5  12   45.593
  5  13   41.936
  5  14   42.191
  5  15   41.392
  5  16   43.437
  5  17   38.344
  5  18   36.811
  5  19   33.846
  5  20   36.442
  5  21   39.805
  5  22   42.856
  5  23   40.898
  5  24   40.181
  5  25   39.826
  5  26   42.329
  5  27   40.035
  5  28   40.982
  5  29   45.309
  5  30   46.577
  5  31   36.541
  5  32   35.012
  5  33   37.924
  5  34   39.882
  5  35   41.017
  5  36   46.980
  5  37   53.877
  5  38   56.712
  5  39   64.082
  5  40   63.592
  5  41   73.128
  5  42   93.480
  5  43   93.932
  5  44  111.557
  5  45  118.165
  5  46  123.672
  5  47  131.143
  5  48  133.898
  5  49  146.337
  5  50  146.668
  5  51  165.479
  6   0   30.005
  6   1   37.616
  6   2   37.514
  6   3   29.027
  6   4   34.375
  6   5   31.291
  6   6   32.765
  6   7   34.735
  6   8   38.692
  6   9   42.581
  6  10   47.258
  6  11   50.564
  6  12   48.028
  6  13   44.209
  6  14   44.455
  6  15   43.651
  6  16   45.705
  6  17   40.598
  6  18   39.063
  6  19   36.094
  6  20   38.690
  6  21   42.056
  6  22   45.114
  6  23   43.148
  6  24   42.430
  6  25   42.074
  6  26   44.577
  6  27   42.283
  6  28   43.230
  6  29   47.558
  6  30   48.829
  6  31   38.789
  6  32   37.260
  6  33   40.172
  6  34   42.131
  6  35   43.266
  6  36   49.228
  6  37   56.125
  6  38   58.960
  6  39   66.330
  6  40   65.840
  6  41   75.377
  6  42   95.728
  6  43   96.180
  6  44  113.803
  6  45  120.411
  6  46  125.920
  6  47  133.391
  6  48  136.146
  6  49  148.585
  6  50  148.916
  6  51  167.727
  7   0   28.102
  7   1   41.330
  7   2   41.231
  7   3   31.965
  7   4   37.396
  7   5   34.196
  7   6   35.679
  7   7   37.645
  7   8   41.633
  7   9   45.608
  7  10   50.514
  7  11   53.971
  7  12   50.989
  7  13   47.099
  7  14   47.341
  7  15   46.536
  7  16   48.594
  7  17   43.479
  7  18   41.943
  7  19   38.950
  7  20   41.546
  7  21   44.913
  7  22   47.970
  7  23   45.996
  7  24   45.278
  7  25   44.922
  7  26   47.425
  7  27   45.133
  7  28   46.080
  7  29   50.407
  7  30   51.680
  7  31   41.639
  7  32   40.109
  7  33   43.021
  7  34   44.980
  7  35   46.115
  7  36   52.078
  7  37   58.974
  7  38   61.810
  7  39   69.180
  7  40   68.690
  7  41   78.226
  7  42   98.574
  7  43   99.029
  7  44  116.637
  7  45  123.249
  7  46  128.763
  7  47  136.238
  7  48  138.995
  7  49  151.433
  7  50  151.766
  7  51  170.577
  8   0   27.380
  8   1   43.873
  8   2   43.614
  8   3   32.092
  8   4   37.537
  8   5   34.152
  8   6   35.649
  8   7   37.611
  8   8   41.648
  8   9   45.767
  8  10   51.132
  8  11   54.965
  8  12   51.028
  8  13   47.032
  8  14   47.268
  8  15   46.460
  8  16   48.513
  8  17   43.390
  8  18   41.852
  8  19   38.688
  8  20   41.285
  8  21   44.657
  8  22   47.681
  8  23   45.666
  8  24   44.946
  8  25   44.591
  8  26   47.092
  8  27   44.817
  8  28   45.764
  8  29   50.091
  8  30   51.309
  8  31   41.321
  8  32   39.794
  8  33   42.705
  8  34   44.664
  8  35   45.800
  8  36   51.762
  8  37   58.659
  8  38   61.494
  8  39   68.863
  8  40   68.374
  8  41   77.911
  8  42   98.259
  8  43   98.714
  8  44  116.330
  8  45  122.940
  8  46  128.451
  8  47  135.923
  8  48  138.680
  8  49  151.117
  8  50  151.450
  8  51  170.261
  9   0   27.678
  9   1   45.665
  9   2   44.199
  9   3   34.081
  9   4   34.418
  9   5   33.326
  9   6   32.425
  9   7   33.326
  9   8   33.523
  9   9   34.191
  9  10   35.473
  9  11   36.796
  9  12   38.268
  9  13   39.929
  9  14   41.643
  9  15   43.008
  9  16   43.770
  9  17   42.939
  9  18   41.709
  9  19   39.750
  9  20   39.828
  9  21   39.699
  9  22   39.239
  9  23   40.108
  9  24   41.073
  9  25   41.644
  9  26   42.452
  9  27   42.706
  9  28   43.111
  9  29   43.737
  9  30   43.150
  9  31   41.576
  9  32   40.841
  9  33   42.196
  9  34   44.473
  9  35   46.378
  9  36   49.539
  9  37   55.091
  9  38   60.599
  9  39   64.919
  9  40   69.359
  9  41   73.041
  9  42   81.205
  9  43   88.583
  9  44   95.536
  9  45  102.926
  9  46  110.185
  9  47  119.895
  9  48  127.959
  9  49  137.022
  9  50  152.553
  9  51  172.187
 10   0   28.700
 10   1   31.981
 10   2   31.839
 10   3   30.294
 10   4   32.272
 10   5   32.832
 10   6   32.865
 10   7   34.329
 10   8   35.110
 10   9   35.964
 10  10   37.383
 10  11   38.804
 10  12   40.310
 10  13   41.934
 10  14   43.606
 10  15   44.806
 10  16   45.588
 10  17   44.358
 10  18   43.133
 10  19   40.854
 10  20   41.547
 10  21   41.733
 10  22   41.359
 10  23   42.171
 10  24   43.051
 10  25   43.548
 10  26   44.487
 10  27   44.520
 10  28   44.992
 10  29   45.843
 10  30   45.284
 10  31   42.916
 10  32   41.941
 10  33   43.733
 10  34   45.935
 10  35   47.631
 10  36   51.372
 10  37   57.060
 10  38   62.218
 10  39   66.917
 10  40   70.482
 10  41   75.095
 10  42   83.389
 10  43   90.751
 10  44   97.721
 10  45  105.111
 10  46  112.370
 10  47  122.079
 10  48  130.131
 10  49  139.204
 10  50  153.636
 10  51  172.953
 11   0   29.376
 11   1   30.717
 11   2   30.582
 11   3   29.302
 11   4   31.488
 11   5   32.585
 11   6   33.166
 11   7   35.194
 11   8   36.935
 11   9   38.265
 11  10   40.135
 11  11   41.958
 11  12   43.621
 11  13   45.111
 11  14   46.630
 11  15   47.298
 11  16   48.092
 11  17   46.063
 11  18   44.880
 11  19   42.208
 11  20   43.975
 11  21   45.128
 11  22   45.132
 11  23   45.697
 11  24   46.253
 11  25   46.504
 11  26   47.917
 11  27   47.213
 11  28   47.879
 11  29   49.578
 11  30   49.140
 11  31   44.614
 11  32   43.305
 11  33   45.779
 11  34   47.841
 11  35   49.203
 11  36   54.117
 11  37   60.246
 11  38   64.434
 11  39   70.202
 11  40   71.877
 11  41   78.606
 11  42   87.538
 11  43   94.809
 11  44  101.875
 11  45  109.265
 11  46  116.521
 11  47  126.224
 11  48  134.208
 11  49  143.337
 11  50  154.979
 11  51  173.949
 12   0   29.720
 12   1   31.146
 12   2   31.016
 12   3   28.408
 12   4   31.565
 12   5   31.240
 12   6   32.315
 12   7   34.377
 12   8   37.160
 12   9   39.218
 12  10   41.600
 12  11   43.782
 12  12   45.173
 12  13   44.525
 12  14   45.143
 12  15   44.604
 12  16   46.356
 12  17   41.783
 12  18   40.291
 12  19   37.350
 12  20   39.902
 12  21   43.039
 12  22   45.353
 12  23   44.056
 12  24   43.516
 12  25   43.221
 12  26   45.619
 12  27   43.472
 12  28   44.399
 12  29   48.404
 12  30   49.226
 12  31   40.028
 12  32   38.510
 12  33   41.402
 12  34   43.365
 12  35   44.512
 12  36   50.416
 12  37   57.254
 12  38   60.184
 12  39   67.435
 12  40   67.091
 12  41   76.414
 12  42   90.597
 12  43   96.015
 12  44  105.098
 12  45  112.469
 12  46  119.659
 12  47  129.184
 12  48  135.711
 12  49  145.989
 12  50  150.168
 12  51  168.985
 13   0   30.244
 13   1   31.933
 13   2   31.804
 13   3   28.085
 13   4   31.906
 13   5   30.692
 13   6   31.953
 13   7   33.994
 13   8   37.308
 13   9   39.978
 13  10   42.909
 13  11   45.471
 13  12   46.200
 13  13   43.962
 13  14   44.327
 13  15   43.593
 13  16   45.531
 13  17   40.613
 13  18   39.095
 13  19   36.136
 13  20   38.728
 13  21   42.061
 13  22   44.992
 13  23   43.146
 13  24   42.452
 13  25   42.104
 13  26   44.602
 13  27   42.319
 13  28   43.265
 13  29   47.569
 13  30   48.774
 13  31   38.827
 13  32   37.299
 13  33   40.210
 13  34   42.169
 13  35   43.305
 13  36   49.265
 13  37   56.159
 13  38   58.999
 13  39   66.362
 13  40   65.880
 13  41   75.406
 13  42   94.708
 13  43   96.133
 13  44  110.865
 13  45  117.983
 13  46  124.425
 13  47  132.674
 13  48  136.077
 13  49  148.241
 13  50  148.956
 13  51  167.767
 14   0   30.919
 14   1   32.553
 14   2   32.425
 14   3   28.546
 14   4   32.451
 14   5   31.129
 14   6   32.408
 14   7   34.443
 14   8   37.810
 14   9   40.564
 14  10   43.586
 14  11   46.214
 14  12   46.806
 14  13   44.378
 14  14   44.721
 14  15   43.973
 14  16   45.925
 14  17   40.982
 14  18   39.462
 14  19   36.503
 14  20   39.097
 14  21   42.438
 14  22   45.404
 14  23   43.528
 14  24   42.827
 14  25   42.477
 14  26   44.978
 14  27   42.690
 14  28   43.635
 14  29   47.952
 14  30   49.176
 14  31   39.194
 14  32   37.666
 14  33   40.577
 14  34   42.536
 14  35   43.671
 14  36   49.633
 14  37   56.529
 14  38   59.366
 14  39   66.734
 14  40   66.246
 14  41   75.780
 14  42   95.839
 14  43   96.565
 14  44  113.135
 14  45  119.984
 14  46  125.870
 14  47  133.595
 14  48  136.525
 14  49  148.893
 14  50  149.322
 14  51  168.133
 15   0   31.547
 15   1   33.337
 15   2   33.209
 15   3   29.146
 15   4   33.135
 15   5   31.682
 15   6   32.976
 15   7   34.993
 15   8   38.392
 15   9   41.216
 15  10   44.293
 15  11   46.915
 15  12   47.389
 15  13   44.848
 15  14   45.166
 15  15   44.411
 15  16   46.376
 15  17   41.411
 15  18   39.888
 15  19   36.898
 15  20   39.492
 15  21   42.836
 15  22   45.800
 15  23   43.910
 15  24   43.208
 15  25   42.858
 15  26   45.358
 15  27   43.069
 15  28   44.008
 15  29   48.322
 15  30   49.544
 15  31   39.563
 15  32   38.035
 15  33   40.947
 15  34   42.905
 15  35   44.041
 15  36   50.002
 15  37   56.897
 15  38   59.735
 15  39   67.102
 15  40   66.615
 15  41   76.147
 15  42   95.980
 15  43   96.917
 15  44  112.842
 15  45  119.805
 15  46  125.903
 15  47  133.804
 15  48  136.872
 15  49  149.183
 15  50  149.691
 15  51  168.502
 16   0   32.275
 16   1   33.305
 16   2   33.173
 16   3   29.490
 16   4   33.280
 16   5   32.083
 16   6   33.333
 16   7   35.336
 16   8   38.614
 16   9   41.341
 16  10   44.357
 16  11   46.997
 16  12   47.650
 16  13   45.223
 16  14   45.511
 16  15   44.752
 16  16   46.697
 16  17   41.752
 16  18   40.232
 16  19   37.220
 16  20   39.815
 16  21   43.159
 16  22   46.120
 16  23   44.227
 16  24   43.525
 16  25   43.174
 16  26   45.672
 16  27   43.370
 16  28   44.291
 16  29   48.610
 16  30   49.819
 16  31   39.832
 16  32   38.305
 16  33   41.217
 16  34   43.176
 16  35   44.311
 16  36   50.274
 16  37   57.170
 16  38   60.006
 16  39   67.374
 16  40   66.886
 16  41   76.421
 16  42   96.656
 16  43   97.218
 16  44  114.384
 16  45  121.106
 16  46  126.781
 16  47  134.357
 16  48  137.181
 16  49  149.592
 16  50  149.962
 16  51  168.773
 17   0   32.912
 17   1   35.823
 17   2   35.703
 17   3   30.644
 17   4   35.075
 17   5   33.035
 17   6   34.313
 17   7   35.978
 17   8   39.164
 17   9   42.526
 17  10   46.365
 17  11   49.262
 17  12   48.624
 17  13   45.030
 17  14   45.029
 17  15   44.206
 17  16   46.200
 17  17   41.111
 17  18   39.578
 17  19   36.482
 17  20   39.079
 17  21   42.443
 17  22   45.457
 17  23   43.479
 17  24   42.762
 17  25   42.398
 17  26   44.878
 17  27   42.545
 17  28   43.383
 17  29   47.708
 17  30   48.854
 17  31   38.867
 17  32   37.343
 17  33   40.255
 17  34   42.214
 17  35   43.349
 17  36   49.312
 17  37   56.208
 17  38   59.044
 17  39   66.413
 17  40   65.923
 17  41   75.459
 17  42   95.795
 17  43   96.262
 17  44  113.821
 17  45  120.446
 17  46  125.978
 17  47  133.463
 17  48  136.227
 17  49  148.662
 17  50  148.999
 17  51  167.810
 18   0   34.337
 18   1   37.643
 18   2   37.506
 18   3   31.037
 18   4   35.290
 18   5   32.998
 18   6   33.707
 18   7   34.932
 18   8   36.422
 18   9   37.485
 18  10   38.473
 18  11   39.603
 18  12   40.908
 18  13   41.566
 18  14   42.314
 18  15   42.269
 18  16   43.203
 18  17   39.685
 18  18   38.175
 18  19   35.323
 18  20   37.150
 18  21   38.496
 18  22   38.606
 18  23   39.059
 18  24   39.530
 18  25   39.704
 18  26   41.116
 18  27   40.168
 18  28   40.769
 18  29   42.749
 18  30   42.384
 18  31   37.196
 18  32   35.823
 18  33   38.361
 18  34   40.410
 18  35   41.729
 18  36   46.770
 18  37   52.971
 18  38   57.022
 18  39   62.953
 18  40   64.386
 18  41   71.384
 18  42   80.463
 18  43   87.710
 18  44   94.801
 18  45  102.191
 18  46  109.447
 18  47  119.148
 18  48  127.115
 18  49  136.259
 18  50  147.484
 18  51  166.429
 19   0   35.770
 19   1   40.725
 19   2   40.565
 19   3   33.148
 19   4   36.842
 19   5   34.595
 19   6   34.819
 19   7   35.626
 19   8   36.389
 19   9   36.984
 19  10   37.738
 19  11   38.820
 19  12   40.129
 19  13   41.109
 19  14   42.040
 19  15   42.129
 19  16   42.485
 19  17   39.447
 19  18   37.926
 19  19   35.219
 19  20   36.560
 19  21   37.292
 19  22   37.109
 19  23   37.777
 19  24   38.461
 19  25   38.759
 19  26   39.888
 19  27   39.283
 19  28   39.792
 19  29   41.261
 19  30   40.685
 19  31   36.562
 19  32   35.286
 19  33   37.583
 19  34   39.684
 19  35   41.120
 19  36   45.682
 19  37   51.653
 19  38   56.172
 19  39   61.578
 19  40   63.834
 19  41   69.876
 19  42   78.523
 19  43   85.836
 19  44   92.857
 19  45  100.247
 19  46  107.505
 19  47  117.211
 19  48  125.227
 19  49  134.330
 19  50  146.948
 19  51  165.996
 20   0   37.413
 20   1   44.392
 20   2   44.190
 20   3   34.011
 20   4   38.257
 20   5   35.152
 20   6   35.365
 20   7   35.808
 20   8   37.177
 20   9   38.550
 20  10   39.577
 20  11   40.681
 20  12   41.888
 20  13   42.063
 20  14   42.373
 20  15   41.706
 20  16   42.410
 20  17   37.801
 20  18   36.252
 20  19   33.184
 20  20   35.338
 20  21   37.293
 20  22   37.822
 20  23   37.932
 20  24   38.032
 20  25   37.858
 20  26   39.470
 20  27   37.810
 20  28   38.441
 20  29   41.198
 20  30   41.009
 20  31   34.318
 20  32   32.867
 20  33   35.590
 20  34   37.596
 20  35   38.823
 20  36   44.287
 20  37   50.754
 20  38   54.311
 20  39   60.813
 20  40   61.438
 20  41   69.431
 20  42   79.346
 20  43   86.435
 20  44   93.694
 20  45  101.083
 20  46  108.335
 20  47  118.025
 20  48  125.872
 20  49  135.116
 20  50  144.525
 20  51  163.400
 21   0   38.850
 21   1   46.630
 21   2   45.944
 21   3   32.992
 21   4   36.726
 21   5   33.444
 21   6   33.317
 21   7   33.484
 21   8   34.720
 21   9   36.099
 21  10   37.109
 21  11   38.202
 21  12   39.410
 21  13   39.577
 21  14   39.843
 21  15   39.099
 21  16   39.672
 21  17   34.917
 21  18   33.346
 21  19   30.287
 21  20   32.344
 21  21   34.092
 21  22   34.453
 21  23   34.678
 21  24   34.775
 21  25   34.612
 21  26   36.141
 21  27   34.557
 21  28   35.142
 21  29   37.633
 21  30   37.286
 21  31   31.092
 21  32   29.663
 21  33   32.327
 21  34   34.346
 21  35   35.603
 21  36   40.924
 21  37   47.293
 21  38   51.027
 21  39   57.323
 21  40   58.230
 21  41   65.867
 21  42   75.411
 21  43   82.575
 21  44   89.755
 21  45   97.144
 21  46  104.398
 21  47  114.094
 21  48  121.997
 21  49  131.194
 21  50  141.321
 21  51  160.218
 22   0   39.927
 22   1   45.202
 22   2   44.221
 22   3   32.687
 22   4   34.615
 22   5   32.315
 22   6   31.616
 22   7   31.729
 22   8   32.054
 22   9   32.592
 22  10   33.271
 22  11   34.322
 22  12   35.631
 22  13   36.621
 22  14   37.470
 22  15   37.381
 22  16   37.281
 22  17   33.836
 22  18   32.179
 22  19   29.478
 22  20   30.497
 22  21   30.934
 22  22   30.633
 22  23   31.368
 22  24   32.080
 22  25   32.351
 22  26   33.271
 22  27   32.698
 22  28   33.026
 22  29   34.040
 22  30   33.253
 22  31   29.991
 22  32   28.830
 22  33   30.829
 22  34   32.990
 22  35   34.567
 22  36   38.621
 22  37   44.405
 22  38   49.339
 22  39   54.290
 22  40   57.357
 22  41   62.495
 22  42   70.892
 22  43   78.241
 22  44   85.225
 22  45   92.615
 22  46   99.874
 22  47  109.582
 22  48  117.624
 22  49  126.705
 22  50  140.492
 22  51  159.688
 23   0   39.173
 23   1   43.718
 23   2   42.740
 23   3   28.162
 23   4   32.422
 23   5   28.646
 23   6   28.671
 23   7   28.811
 23   8   30.614
 23   9   33.043
 23  10   34.790
 23  11   36.002
 23  12   36.940
 23  13   35.749
 23  14   35.494
 23  15   34.350
 23  16   35.253
 23  17   29.864
 23  18   28.312
 23  19   25.139
 23  20   27.540
 23  21   30.155
 23  22   31.405
 23  23   30.891
 23  24   30.420
 23  25   29.967
 23  26   31.809
 23  27   29.661
 23  28   30.317
 23  29   33.662
 23  30   33.744
 23  31   25.959
 23  32   24.476
 23  33   27.287
 23  34   29.270
 23  35   30.455
 23  36   36.142
 23  37   42.782
 23  38   46.038
 23  39   52.896
 23  40   53.050
 23  41   61.664
 23  42   72.599
 23  43   79.432
 23  44   86.964
 23  45   94.351
 23  46  101.596
 23  47  111.268
 23  48  118.918
 23  49  128.322
 23  50  136.132
 23  51  154.976
 24   0   38.415
 24   1   43.384
 24   2   40.918
 24   3   32.511
 24   4   30.052
 24   5   29.108
 24   6   27.532
 24   7   27.604
 24   8   27.123
 24   9   27.239
 24  10   27.799
 24  11   28.836
 24  12   30.178
 24  13   31.522
 24  14   32.751
 24  15   33.338
 24  16   32.578
 24  17   31.038
 24  18   29.173
 24  19   27.603
 24  20   26.357
 24  21   25.801
 24  22   25.233
 24  23   26.163
 24  24   27.200
 24  25   27.795
 24  26   28.320
 24  27   28.586
 24  28   28.666
 24  29   28.812
 24  30   27.882
 24  31   27.176
 24  32   26.845
 24  33   27.236
 24  34   29.637
 24  35   31.928
 24  36   34.117
 24  37   39.509
 24  38   45.472
 24  39   49.315
 24  40   55.222
 24  41   57.365
 24  42   65.400
 24  43   72.793
 24  44   79.730
 24  45   87.120
 24  46   94.380
 24  47  104.091
 24  48  112.166
 24  49  121.219
 24  50  138.525
 24  51  159.367
 25   0   35.896
 25   1   42.174
 25   2   41.889
 25   3   30.527
 25   4   34.653
 25   5   31.011
 25   6   31.009
 25   7   31.151
 25   8   32.859
 25   9   35.071
 25  10   36.625
 25  11   37.802
 25  12   38.820
 25  13   37.941
 25  14   37.774
 25  15   36.685
 25  16   37.542
 25  17   32.233
 25  18   30.679
 25  19   27.513
 25  20   29.866
 25  21   32.333
 25  22   33.377
 25  23   33.029
 25  24   32.663
 25  25   32.254
 25  26   34.037
 25  27   31.980
 25  28   32.620
 25  29   35.789
 25  30   35.772
 25  31   28.313
 25  32   26.838
 25  33   29.624
 25  34   31.614
 25  35   32.811
 25  36   38.433
 25  37   45.021
 25  38   48.367
 25  39   55.118
 25  40   55.411
 25  41   63.837
 25  42   74.391
 25  43   81.328
 25  44   88.749
 25  45   96.136
 25  46  103.385
 25  47  113.064
 25  48  120.795
 25  49  130.134
 25  50  138.494
 25  51  157.347
 26   0   34.979
 26   1   34.375
 26   2   34.217
 26   3   31.630
 26   4   32.874
 26   5   32.028
 26   6   31.159
 26   7   31.385
 26   8   31.353
 26   9   31.669
 26  10   32.290
 26  11   33.339
 26  12   34.670
 26  13   35.868
 26  14   36.925
 26  15   37.171
 26  16   36.745
 26  17   34.122
 26  18   32.393
 26  19   30.030
 26  20   30.233
 26  21   30.162
 26  22   29.707
 26  23   30.550
 26  24   31.435
 26  25   31.868
 26  26   32.589
 26  27   32.420
 26  28   32.636
 26  29   33.209
 26  30   32.343
 26  31   30.209
 26  32   29.289
 26  33   30.768
 26  34   33.021
 26  35   34.840
 26  36   38.162
 26  37   43.751
 26  38   49.167
 26  39   53.595
 26  40   57.776
 26  41   61.717
 26  42   69.912
 26  43   77.286
 26  44   84.243
 26  45   91.634
 26  46   98.893
 26  47  108.603
 26  48  116.664
 26  49  125.729
 26  50  140.955
 26  51  160.483
 27   0   33.344
 27   1   34.318
 27   2   34.185
 27   3   31.486
 27   4   34.422
 27   5   33.219
 27   6   33.431
 27   7   33.932
 27   8   35.834
 27   9   38.312
 27  10   40.295
 27  11   41.669
 27  12   42.609
 27  13   41.242
 27  14   40.944
 27  15   39.767
 27  16   40.718
 27  17   35.267
 27  18   33.720
 27  19   30.522
 27  20   32.956
 27  21   35.681
 27  22   37.075
 27  23   36.325
 27  24   35.750
 27  25   35.249
 27  26   37.113
 27  27   34.906
 27  28   35.563
 27  29   38.976
 27  30   39.122
 27  31   31.185
 27  32   29.697
 27  33   32.517
 27  34   34.498
 27  35   35.678
 27  36   41.387
 27  37   48.046
 27  38   51.271
 27  39   58.167
 27  40   58.272
 27  41   66.952
 27  42   78.043
 27  43   84.829
 27  44   92.411
 27  45   99.798
 27  46  107.042
 27  47  116.710
 27  48  124.325
 27  49  133.758
 27  50  141.353
 27  51  160.194
 28   0   33.492
 28   1   32.551
 28   2   32.413
 28   3   28.995
 28   4   32.286
 28   5   30.690
 28   6   31.002
 28   7   31.560
 28   8   33.370
 28   9   35.493
 28  10   37.072
 28  11   38.316
 28  12   39.382
 28  13   38.625
 28  14   38.518
 28  15   37.468
 28  16   38.312
 28  17   33.059
 28  18   31.503
 28  19   28.322
 28  20   30.654
 28  21   33.061
 28  22   34.013
 28  23   33.552
 28  24   33.163
 28  25   32.734
 28  26   34.451
 28  27   32.457
 28  28   33.084
 28  29   36.152
 28  30   36.059
 28  31   28.803
 28  32   27.334
 28  33   30.104
 28  34   32.098
 28  35   33.302
 28  36   38.884
 28  37   45.439
 28  38   48.841
 28  39   55.525
 28  40   55.906
 28  41   64.217
 28  42   74.572
 28  43   81.559
 28  44   88.927
 28  45   96.315
 28  46  103.564
 28  47  113.248
 28  48  121.017
 28  49  130.324
 28  50  138.990
 28  51  157.849
 29   0   33.601
 29   1   34.459
 29   2   34.307
 29   3   29.659
 29   4   32.105
 29   5   30.348
 29   6   29.920
 29   7   30.205
 29   8   30.552
 29   9   31.064
 29  10   31.740
 29  11   32.794
 29  12   34.108
 29  13   35.133
 29  14   36.024
 29  15   35.995
 29  16   35.841
 29  17   32.528
 29  18   30.857
 29  19   28.176
 29  20   29.078
 29  21   29.423
 29  22   29.079
 29  23   29.789
 29  24   30.467
 29  25   30.627
 29  26   31.290
 29  27   31.068
 29  28   31.326
 29  29   32.154
 29  30   31.318
 29  31   28.469
 29  32   27.382
 29  33   29.214
 29  34   31.407
 29  35   33.062
 29  36   36.861
 29  37   42.569
 29  38   47.685
 29  39   52.437
 29  40   55.897
 29  41   60.609
 29  42   68.921
 29  43   76.280
 29  44   83.253
 29  45   90.643
 29  46   97.902
 29  47  107.611
 29  48  115.661
 29  49  124.735
 29  50  139.046
 29  51  158.338
 30   0   34.401
 30   1   38.009
 30   2   37.791
 30   3   28.115
 30   4   31.973
 30   5   28.861
 30   6   28.853
 30   7   29.127
 30   8   30.319
 30   9   31.572
 30  10   32.522
 30  11   33.608
 30  12   34.835
 30  13   35.137
 30  14   35.489
 30  15   34.814
 30  16   35.287
 30  17   30.663
 30  18   29.077
 30  19   26.017
 30  20   27.954
 30  21   29.476
 30  22   29.664
 30  23   29.889
 30  24   29.992
 30  25   29.360
 30  26   29.617
 30  27   32.405
 30  28   32.501
 30  29   32.901
 30  30   31.961
 30  31   30.103
 30  32   29.262
 30  33   30.558
 30  34   32.841
 30  35   34.742
 30  36   37.840
 30  37   43.382
 30  38   48.923
 30  39   53.217
 30  40   57.732
 30  41   61.320
 30  42   69.474
 30  43   76.853
 30  44   83.805
 30  45   91.195
 30  46   98.454
 30  47  108.164
 30  48  116.229
 30  49  125.291
 30  50  140.929
 30  51  160.605
 31   0   31.977
 31   1   39.811
 31   2   39.144
 31   3   26.632
 31   4   29.901
 31   5   26.884
 31   6   26.607
 31   7   26.762
 31   8   27.710
 31   9   28.752
 31  10   29.610
 31  11   30.683
 31  12   31.937
 31  13   32.442
 31  14   32.909
 31  15   32.349
 31  16   32.699
 31  17   28.283
 31  18   26.686
 31  19   23.720
 31  20   25.496
 31  21   26.760
 31  22   26.799
 31  23   27.160
 31  24   27.387
 31  25   26.854
 31  26   27.095
 31  27   29.614
 31  28   29.655
 31  29   30.455
 31  30   31.939
 31  31   29.375
 31  32   28.288
 31  33   31.020
 31  34   33.057
 31  35   34.345
 31  36   39.774
 31  37   46.192
 31  38   49.814
 31  39   56.207
 31  40   56.972
 31  41   64.872
 31  42   74.678
 31  43   81.790
 31  44   89.025
 31  45   96.414
 31  46  103.667
 31  47  113.359
 31  48  121.223
 31  49  130.450
 31  50  140.062
 31  51  158.943
 32   0   31.491
 32   1   34.358
 32   2   34.052
 32   3   21.642
 32   4   25.862
 32   5   22.136
 32   6   22.156
 32   7   22.306
 32   8   24.093
 32   9   26.464
 32  10   28.159
 32  11   29.362
 32  12   30.296
 32  13   29.101
 32  14   28.845
 32  15   27.699
 32  16   28.613
 32  17   23.204
 32  18   21.653
 32  19   18.464
 32  20   20.864
 32  21   23.476
 32  22   24.709
 32  23   23.977
 32  24   23.405
 32  25   22.273
 32  26   22.441
 32  27   27.562
 32  28   27.145
 32  29   28.794
 32  30   30.158
 32  31   24.369
 32  32   22.946
 32  33   25.801
 32  34   27.780
 32  35   28.956
 32  36   34.748
 32  37   41.474
 32  38   44.582
 32  39   51.609
 32  40   51.545
 32  41   60.486
 32  42   72.361
 32  43   78.885
 32  44   86.749
 32  45   94.134
 32  46  101.370
 32  47  111.015
 32  48  118.426
 32  49  128.022
 32  50  134.625
 32  51  153.456
 33   0   32.022
 33   1   32.783
 33   2   31.571
 33   3   16.036
 33   4   20.504
 33   5   16.571
 33   6   16.657
 33   7   16.799
 33   8   18.813
 33   9   21.852
 33  10   24.391
 33  11   25.783
 33  12   26.265
 33  13   23.891
 33  14   23.398
 33  15   22.115
 33  16   23.148
 33  17   17.540
 33  18   15.995
 33  19   12.754
 33  20   15.267
 33  21   18.279
 33  22   20.195
 33  23   18.782
 33  24   17.926
 33  25   16.647
 33  26   16.801
 33  27   23.047
 33  28   22.363
 33  29   24.749
 33  30   25.956
 33  31   18.728
 33  32   17.253
 33  33   20.123
 33  34   22.094
 33  35   23.256
 33  36   29.097
 33  37   35.871
 33  38   38.902
 33  39   46.027
 33  40   45.840
 33  41   54.942
 33  42   67.524
 33  43   73.763
 33  44   81.936
 33  45   89.318
 33  46   96.544
 33  47  106.163
 33  48  113.350
 33  49  123.124
 33  50  128.918
 33  51  147.743
 34   0   34.700
 34   1   33.321
 34   2   29.494
 34   3   20.930
 34   4   18.022
 34   5   17.136
 34   6   15.516
 34   7   15.586
 34   8   15.077
 34   9   15.182
 34  10   15.738
 34  11   16.775
 34  12   18.116
 34  13   19.460
 34  14   20.668
 34  15   21.208
 34  16   20.350
 34  17   18.869
 34  18   16.975
 34  19   15.491
 34  20   14.088
 34  21   13.495
 34  22   12.908
 34  23   13.824
 34  24   14.804
 34  25   15.282
 34  26   15.646
 34  27   15.831
 34  28   15.900
 34  29   16.353
 34  30   17.634
 34  31   18.280
 34  32   19.050
 34  33   19.889
 34  34   22.337
 34  35   24.848
 34  36   26.991
 34  37   32.350
 34  38   38.353
 34  39   42.120
 34  40   48.232
 34  41   50.234
 34  42   58.260
 34  43   65.654
 34  44   72.590
 34  45   79.980
 34  46   87.240
 34  47   96.951
 34  48  105.027
 34  49  114.079
 34  50  131.568
 34  51  152.649
 35   0   35.244
 35   1   37.833
 35   2   36.353
 35   3   21.029
 35   4   24.509
 35   5   21.261
 35   6   21.038
 35   7   21.162
 35   8   22.310
 35   9   23.610
 35  10   24.584
 35  11   25.672
 35  12   26.879
 35  13   27.045
 35  14   27.297
 35  15   26.529
 35  16   27.024
 35  17   22.300
 35  18   20.718
 35  19   17.621
 35  20   19.611
 35  21   21.229
 35  22   21.472
 35  23   21.624
 35  24   21.650
 35  25   20.927
 35  26   21.130
 35  27   24.379
 35  28   24.248
 35  29   25.137
 35  30   26.408
 35  31   23.201
 35  32   22.028
 35  33   24.641
 35  34   26.689
 35  35   28.012
 35  36   33.174
 35  37   39.430
 35  38   43.361
 35  39   49.413
 35  40   50.661
 35  41   57.921
 35  42   67.166
 35  43   74.385
 35  44   81.506
 35  45   88.896
 35  46   96.151
 35  47  105.850
 35  48  113.795
 35  49  122.957
 35  50  133.758
 35  51  152.682
 36   0   35.725
 36   1   37.026
 36   2   36.246
 36   3   23.487
 36   4   26.489
 36   5   23.560
 36   6   23.190
 36   7   23.309
 36   8   24.159
 36   9   25.130
 36  10   25.962
 36  11   27.031
 36  12   28.286
 36  13   28.810
 36  14   29.275
 36  15   28.713
 36  16   28.994
 36  17   24.658
 36  18   23.054
 36  19   20.046
 36  20   21.770
 36  21   22.957
 36  22   22.951
 36  23   23.335
 36  24   23.588
 36  25   23.071
 36  26   23.295
 36  27   25.862
 36  28   25.795
 36  29   26.537
 36  30   27.794
 36  31   25.234
 36  32   24.156
 36  33   26.663
 36  34   28.742
 36  35   30.132
 36  36   35.042
 36  37   41.158
 36  38   45.360
 36  39   51.101
 36  40   52.809
 36  41   59.524
 36  42   68.449
 36  43   75.721
 36  44   82.786
 36  45   90.176
 36  46   97.432
 36  47  107.136
 36  48  115.120
 36  49  124.262
 36  50  135.914
 36  51  154.885
 37   0   35.573
 37   1   36.618
 37   2   36.150
 37   3   24.421
 37   4   27.742
 37   5   24.629
 37   6   24.365
 37   7   24.492
 37   8   25.545
 37   9   26.729
 37  10   27.649
 37  11   28.730
 37  12   29.956
 37  13   30.254
 37  14   30.579
 37  15   29.878
 37  16   30.302
 37  17   25.703
 37  18   24.114
 37  19   21.048
 37  20   22.954
 37  21   24.425
 37  22   24.577
 37  23   24.817
 37  24   24.924
 37  25   24.271
 37  26   24.466
 37  27   27.452
 37  28   27.327
 37  29   28.182
 37  30   29.337
 37  31   25.115
 37  32   23.571
 37  33   26.261
 37  34   28.283
 37  35   29.548
 37  36   34.903
 37  37   41.288
 37  38   44.986
 37  39   51.314
 37  40   52.172
 37  41   59.889
 37  42   69.508
 37  43   76.657
 37  44   83.852
 37  45   91.241
 37  46   98.495
 37  47  108.190
 37  48  116.082
 37  49  125.301
 37  50  135.265
 37  51  154.157
 38   0   36.054
 38   1   35.969
 38   2   35.523
 38   3   24.692
 38   4   27.715
 38   5   24.809
 38   6   24.453
 38   7   24.579
 38   8   25.445
 38   9   26.427
 38  10   27.263
 38  11   28.333
 38  12   29.587
 38  13   30.102
 38  14   30.561
 38  15   29.993
 38  16   30.278
 38  17   25.933
 38  18   24.330
 38  19   21.324
 38  20   23.054
 38  21   24.250
 38  22   24.251
 38  23   24.633
 38  24   24.883
 38  25   24.361
 38  26   24.396
 38  27   27.001
 38  28   26.840
 38  29   27.653
 38  30   28.324
 38  31   23.511
 38  32   21.763
 38  33   24.303
 38  34   26.351
 38  35   27.664
 38  36   32.704
 38  37   38.904
 38  38   42.957
 38  39   48.891
 38  40   50.315
 38  41   57.312
 38  42   66.390
 38  43   73.637
 38  44   80.728
 38  45   88.118
 38  46   95.374
 38  47  105.076
 38  48  113.042
 38  49  122.200
 38  50  133.417
 38  51  152.362
 39   0   36.812
 39   1   37.059
 39   2   36.296
 39   3   24.987
 39   4   27.300
 39   5   24.792
 39   6   24.212
 39   7   24.326
 39   8   24.819
 39   9   25.481
 39  10   26.200
 39  11   27.256
 39  12   28.547
 39  13   29.384
 39  14   30.082
 39  15   29.787
 39  16   29.789
 39  17   26.002
 39  18   24.363
 39  19   21.513
 39  20   22.811
 39  21   23.494
 39  22   23.268
 39  23   23.857
 39  24   24.344
 39  25   24.054
 39  26   23.770
 39  27   25.905
 39  28   25.735
 39  29   26.269
 39  30   26.570
 39  31   22.388
 39  32   20.704
 39  33   22.945
 39  34   25.053
 39  35   26.488
 39  36   30.961
 39  37   36.898
 39  38   41.494
 39  39   46.827
 39  40   49.207
 39  41   55.085
 39  42   63.678
 39  43   71.000
 39  44   78.012
 39  45   85.402
 39  46   92.660
 39  47  102.367
 39  48  110.389
 39  49  119.500
 39  50  132.326
 39  51  151.397
 40   0   36.928
 40   1   39.252
 40   2   37.810
 40   3   25.904
 40   4   27.469
 40   5   25.335
 40   6   24.534
 40   7   24.639
 40   8   24.836
 40   9   25.296
 40  10   25.950
 40  11   26.998
 40  12   28.309
 40  13   29.338
 40  14   30.205
 40  15   30.143
 40  16   29.906
 40  17   26.647
 40  18   24.966
 40  19   22.306
 40  20   23.133
 40  21   23.424
 40  22   23.060
 40  23   23.771
 40  24   24.368
 40  25   23.982
 40  26   23.461
 40  27   25.465
 40  28   25.234
 40  29   25.496
 40  30   25.706
 40  31   21.838
 40  32   20.195
 40  33   22.294
 40  34   24.429
 40  35   25.924
 40  36   30.158
 40  37   36.007
 40  38   40.799
 40  39   45.917
 40  40   48.676
 40  41   54.129
 40  42   62.601
 40  43   69.939
 40  44   76.934
 40  45   84.324
 40  46   91.582
 40  47  101.291
 40  48  109.325
 40  49  118.426
 40  50  131.805
 40  51  150.942
 41   0   35.360
 41   1   39.831
 41   2   38.491
 41   3   24.698
 41   4   27.766
 41   5   24.795
 41   6   24.446
 41   7   24.569
 41   8   25.451
 41   9   26.446
 41  10   27.287
 41  11   28.357
 41  12   29.609
 41  13   30.111
 41  14   30.561
 41  15   29.985
 41  16   30.278
 41  17   25.916
 41  18   24.314
 41  19   21.314
 41  20   23.053
 41  21   24.263
 41  22   24.265
 41  23   24.613
 41  24   24.177
 41  25   22.386
 41  26   21.166
 41  27   25.314
 41  28   24.642
 41  29   25.674
 41  30   25.816
 41  31   19.032
 41  32   17.126
 41  33   19.790
 41  34   21.807
 41  35   23.053
 41  36   28.376
 41  37   34.749
 41  38   38.478
 41  39   44.788
 41  40   45.674
 41  41   53.316
 41  42   62.867
 41  43   70.029
 41  44   77.210
 41  45   84.599
 41  46   91.853
 41  47  101.549
 41  48  109.452
 41  49  118.663
 41  50  128.768
 41  51  147.665
 42   0   34.894
 42   1   37.490
 42   2   36.291
 42   3   22.375
 42   4   25.716
 42   5   22.566
 42   6   22.301
 42   7   22.426
 42   8   23.488
 42   9   24.677
 42  10   25.599
 42  11   26.680
 42  12   27.905
 42  13   28.200
 42  14   28.523
 42  15   27.821
 42  16   28.243
 42  17   23.645
 42  18   22.056
 42  19   19.003
 42  20   20.908
 42  21   22.375
 42  22   22.478
 42  23   22.548
 42  24   21.139
 42  25   18.905
 42  26   17.538
 42  27   21.975
 42  28   21.126
 42  29   22.260
 42  30   22.375
 42  31   15.279
 42  32   13.352
 42  33   16.045
 42  34   18.055
 42  35   19.288
 42  36   24.679
 42  37   31.097
 42  38   34.743
 42  39   41.148
 42  40   41.903
 42  41   49.711
 42  42   59.421
 42  43   66.552
 42  44   73.766
 42  45   81.155
 42  46   88.408
 42  47   98.102
 42  48  105.981
 42  49  115.211
 42  50  124.996
 42  51  143.882
 43   0   35.678
 43   1   36.371
 43   2   34.526
 43   3   20.042
 43   4   23.279
 43   5   20.189
 43   6   19.891
 43   7   20.013
 43   8   21.007
 43   9   22.121
 43  10   23.011
 43  11   24.088
 43  12   25.323
 43  13   25.699
 43  14   26.070
 43  15   25.414
 43  16   25.787
 43  17   21.276
 43  18   19.682
 43  19   16.658
 43  20   18.502
 43  21   19.868
 43  22   19.755
 43  23   19.416
 43  24   17.461
 43  25   15.040
 43  26   13.625
 43  27   18.231
 43  28   17.329
 43  29   18.586
 43  30   18.685
 43  31   11.282
 43  32    9.346
 43  33   12.067
 43  34   14.071
 43  35   15.291
 43  36   20.749
 43  37   27.215
 43  38   30.776
 43  39   37.279
 43  40   37.900
 43  41   45.879
 43  42   55.779
 43  43   62.871
 43  44   70.127
 43  45   77.516
 43  46   84.768
 43  47   94.459
 43  48  102.308
 43  49  111.563
 43  50  120.991
 43  51  139.867
 44   0   38.548
 44   1   36.970
 44   2   33.548
 44   3   22.268
 44   4   22.065
 44   5   20.594
 44   6   19.368
 44   7   19.451
 44   8   19.234
 44   9   19.469
 44  10   20.060
 44  11   21.100
 44  12   22.431
 44  13   23.663
 44  14   24.738
 44  15   25.019
 44  16   24.431
 44  17   22.084
 44  18   20.313
 44  19   18.134
 44  20   17.968
 44  21   17.734
 44  22   16.447
 44  23   15.442
 44  24   12.958
 44  25   10.386
 44  26    8.937
 44  27   14.012
 44  28   13.042
 44  29   14.819
 44  30   14.897
 44  31    6.581
 44  32    4.621
 44  33    7.412
 44  34    9.400
 44  35   10.589
 44  36   16.224
 44  37   22.823
 44  38   26.150
 44  39   32.927
 44  40   33.183
 44  41   41.645
 44  42   52.265
 44  43   59.184
 44  44   66.624
 44  45   74.011
 44  46   81.259
 44  47   90.938
 44  48   98.655
 44  49  108.018
 44  50  116.270
 44  51  135.121
 45   0   42.826
 45   1   40.451
 45   2   36.640
 45   3   26.314
 45   4   25.064
 45   5   23.876
 45   6   22.462
 45   7   22.539
 45   8   22.173
 45   9   22.339
 45  10   22.911
 45  11   23.950
 45  12   25.286
 45  13   26.577
 45  14   27.722
 45  15   28.133
 45  16   27.414
 45  17   25.476
 45  18   23.652
 45  19   21.728
 45  20   20.918
 45  21   20.028
 45  22   18.411
 45  23   16.625
 45  24   14.403
 45  25   12.405
 45  26   11.021
 45  27   10.292
 45  28    9.576
 45  29    9.138
 45  30    9.260
 45  31    8.072
 45  32    7.307
 45  33    7.670
 45  34   10.059
 45  35   12.222
 45  36   14.499
 45  37   19.910
 45  38   25.834
 45  39   29.738
 45  40   35.455
 45  41   37.760
 45  42   45.806
 45  43   53.197
 45  44   60.135
 45  45   67.526
 45  46   74.785
 45  47   84.496
 45  48   92.570
 45  49  101.626
 45  50  118.736
 45  51  139.362
 46   0   47.884
 46   1   47.144
 46   2   43.470
 46   3   31.152
 46   4   31.641
 46   5   29.931
 46   6   28.855
 46   7   28.943
 46   8   28.862
 46   9   29.166
 46  10   29.776
 46  11   30.818
 46  12   32.144
 46  13   33.312
 46  14   34.320
 46  15   34.481
 46  16   34.019
 46  17   31.328
 46  18   29.593
 46  19   27.196
 46  20   27.304
 46  21   26.690
 46  22   24.564
 46  23   22.356
 46  24   19.775
 46  25   17.494
 46  26   16.059
 46  27   16.504
 46  28   15.767
 46  29   15.445
 46  30   15.577
 46  31   13.341
 46  32   12.079
 46  33   13.305
 46  34   15.586
 46  35   17.432
 46  36   20.511
 46  37   26.055
 46  38   31.602
 46  39   35.907
 46  40   40.410
 46  41   43.978
 46  42   52.130
 46  43   59.509
 46  44   66.461
 46  45   73.851
 46  46   81.110
 46  47   90.821
 46  48   98.886
 46  49  107.948
 46  50  123.607
 46  51  143.291
 47   0   54.146
 47   1   56.848
 47   2   55.380
 47   3   37.300
 47   4   41.574
 47   5   37.775
 47   6   37.798
 47   7   37.934
 47   8   39.729
 47   9   42.158
 47  10   43.911
 47  11   45.123
 47  12   46.020
 47  13   44.701
 47  14   44.410
 47  15   43.241
 47  16   44.157
 47  17   38.737
 47  18   37.186
 47  19   34.003
 47  20   36.387
 47  21   38.582
 47  22   33.684
 47  23   30.536
 47  24   27.248
 47  25   24.518
 47  26   23.030
 47  27   28.114
 47  28   27.116
 47  29   28.862
 47  30   28.995
 47  31   20.669
 47  32   18.707
 47  33   21.494
 47  34   23.483
 47  35   24.673
 47  36   30.295
 47  37   36.884
 47  38   40.228
 47  39   46.986
 47  40   47.268
 47  41   55.693
 47  42   66.245
 47  43   73.182
 47  44   80.602
 47  45   87.990
 47  46   95.238
 47  47  104.918
 47  48  112.649
 47  49  121.988
 47  50  130.355
 47  51  149.208
 48   0   61.521
 48   1   63.034
 48   2   60.248
 48   3   44.667
 48   4   47.640
 48   5   44.709
 48   6   44.326
 48   7   44.442
 48   8   45.272
 48   9   46.225
 48  10   47.050
 48  11   48.118
 48  12   49.376
 48  13   49.917
 48  14   50.395
 48  15   49.845
 48  16   50.115
 48  17   45.803
 48  18   44.198
 48  19   41.227
 48  20   42.851
 48  21   43.436
 48  22   40.007
 48  23   37.204
 48  24   34.138
 48  25   31.530
 48  26   30.055
 48  27   33.004
 48  28   32.179
 48  29   32.407
 48  30   32.541
 48  31   27.599
 48  32   25.816
 48  33   28.150
 48  34   30.238
 48  35   31.626
 48  36   36.266
 48  37   42.274
 48  38   46.720
 48  39   52.222
 48  40   54.321
 48  41   60.512
 48  42   69.212
 48  43   76.518
 48  44   83.547
 48  45   90.937
 48  46   98.194
 48  47  107.900
 48  48  115.910
 48  49  125.032
 48  50  137.435
 48  51  156.464
 49   0   69.054
 49   1   70.622
 49   2   68.162
 49   3   52.015
 49   4   55.381
 49   5   52.203
 49   6   51.943
 49   7   52.065
 49   8   53.135
 49   9   54.341
 49  10   55.272
 49  11   56.354
 49  12   57.576
 49  13   57.847
 49  14   58.156
 49  15   57.441
 49  16   57.883
 49  17   53.255
 49  18   51.668
 49  19   48.627
 49  20   50.487
 49  21   51.350
 49  22   47.436
 49  23   44.501
 49  24   41.343
 49  25   38.683
 49  26   37.203
 49  27   40.875
 49  28   40.006
 49  29   40.556
 49  30   40.690
 49  31   34.787
 49  32   32.927
 49  33   35.451
 49  34   37.499
 49  35   38.804
 49  36   43.820
 49  37   50.010
 49  38   54.086
 49  39   60.002
 49  40   61.456
 49  41   68.401
 49  42   77.449
 49  43   84.701
 49  44   91.787
 49  45   99.176
 49  46  106.432
 49  47  116.135
 49  48  124.105
 49  49  133.260
 49  50  144.558
 49  51  163.508
 50   0   82.353
 50   1   77.177
 50   2   73.146
 50   3   65.233
 50   4   61.633
 50   5   60.831
 50   6   59.152
 50   7   59.221
 50   8   58.674
 50   9   58.764
 50  10   59.316
 50  11   60.353
 50  12   61.695
 50  13   63.052
 50  14   64.276
 50  15   64.853
 50  16   63.964
 50  17   62.618
 50  18   60.702
 50  19   59.312
 50  20   57.527
 50  21   56.293
 50  22   54.566
 50  23   52.649
 50  24   50.474
 50  25   48.588
 50  26   47.206
 50  27   45.962
 50  28   45.251
 50  29   44.783
 50  30   44.918
 50  31   44.145
 50  32   43.673
 50  33   43.554
 50  34   45.990
 50  35   48.308
 50  36   50.234
 50  37   55.600
 50  38   61.660
 50  39   65.421
 50  40   71.689
 50  41   73.426
 50  42   81.440
 50  43   88.835
 50  44   95.769
 50  45  103.160
 50  46  110.419
 50  47  120.131
 50  48  128.208
 50  49  137.274
 50  50  155.024
 50  51  176.553
