# column 1: No. of Structured Blocks
# column 2: Free Energy (kJ/mol)
  1   37.688
  2   32.281
  3   31.062
  4   30.541
  5   30.917
  6   30.604
  7   30.864
  8   31.138
  9   31.765
 10   32.543
 11   31.678
 12   32.607
 13   31.446
 14   31.328
 15   31.037
 16   31.345
 17   31.735
 18   32.110
 19   32.875
 20   33.586
 21   34.314
 22   34.827
 23   34.816
 24   33.958
 25   33.516
 26   30.036
 27   31.229
 28   28.721
 29   28.814
 30   28.049
 31   28.099
 32   27.708
 33   27.374
 34   26.802
 35   23.367
 36   17.329
 37   19.672
 38   16.298
 39   16.195
 40   15.495
 41   15.999
 42   16.000
 43   16.310
 44   16.859
 45   17.206
 46   14.282
 47   13.377
 48   13.181
 49   11.881
 50   11.441
 51   11.306
 52   11.473
 53   11.796
 54   12.163
 55   12.851
 56   13.689
 57   14.751
 58   15.579
 59   16.200
 60   16.005
 61   14.614
 62   12.970
 63   12.518
 64   13.212
 65   13.137
 66   12.030
 67   12.232
 68   10.902
 69    9.065
 70    7.894
 71    9.660
 72    9.004
 73    9.007
 74    8.158
 75    5.169
 76    4.019
 77    5.414
 78    6.287
 79    8.144
 80   11.176
 81   13.610
 82   18.018
 83   23.688
 84   28.082
 85   33.480
 86   36.915
 87   42.494
 88   49.950
 89   56.679
 90   64.007
 91   70.676
 92   78.492
 93   86.505
 94   93.936
 95  101.985
 96  109.921
 97  119.334
 98  127.764
 99  137.083
100  154.877
101  176.475
