# column 1: No. of Structured Blocks in N-terminal half
# column 2: No. of Structured Blocks in C-terminal half
# column 3: Free Energy (kJ/mol)
  0   0      inf
  0   1   60.781
  0   2   58.098
  0   3   56.664
  0   4   56.074
  0   5   57.022
  0   6   57.906
  0   7   58.827
  0   8   60.220
  0   9   61.631
  0  10   63.005
  0  11   64.576
  0  12   66.254
  0  13   67.916
  0  14   69.603
  0  15   71.307
  0  16   72.822
  0  17   74.052
  0  18   75.010
  0  19   75.705
  0  20   76.255
  0  21   76.919
  0  22   77.615
  0  23   78.463
  0  24   79.998
  0  25   81.562
  0  26   82.938
  0  27   84.286
  0  28   85.126
  0  29   85.333
  0  30   85.326
  0  31   85.532
  0  32   85.957
  0  33   87.187
  0  34   89.634
  0  35   92.022
  0  36   94.732
  0  37  100.157
  0  38  105.893
  0  39  109.993
  0  40  115.482
  0  41  118.293
  0  42  126.270
  0  43  133.635
  0  44  140.600
  0  45  147.985
  0  46  155.331
  0  47  164.970
  0  48  172.979
  0  49  182.122
  0  50  199.857
  0  51  221.354
  1   0   37.689
  1   1   34.092
  1   2   34.182
  1   3   33.558
  1   4   35.682
  1   5   37.100
  1   6   37.812
  1   7   40.034
  1   8   42.158
  1   9   43.840
  1  10   46.245
  1  11   48.777
  1  12   50.930
  1  13   52.880
  1  14   54.681
  1  15   55.460
  1  16   55.800
  1  17   55.980
  1  18   56.717
  1  19   58.329
  1  20   59.095
  1  21   57.180
  1  22   56.855
  1  23   58.984
  1  24   60.710
  1  25   62.171
  1  26   64.909
  1  27   65.700
  1  28   66.578
  1  29   67.136
  1  30   64.250
  1  31   62.662
  1  32   63.388
  1  33   65.989
  1  34   67.728
  1  35   69.973
  1  36   76.003
  1  37   82.304
  1  38   85.777
  1  39   91.248
  1  40   92.895
  1  41  102.494
  1  42  120.886
  1  43  123.243
  1  44  138.895
  1  45  145.790
  1  46  151.952
  1  47  159.245
  1  48  163.001
  1  49  173.708
  1  50  175.845
  1  51  194.658
  2   0   34.043
  2   1   34.016
  2   2   34.110
  2   3   33.498
  2   4   35.629
  2   5   37.030
  2   6   37.745
  2   7   39.963
  2   8   42.089
  2   9   43.771
  2  10   46.168
  2  11   48.685
  2  12   50.822
  2  13   52.739
  2  14   54.513
  2  15   55.260
  2  16   55.662
  2  17   55.582
  2  18   55.909
  2  19   57.407
  2  20   58.424
  2  21   56.934
  2  22   56.654
  2  23   58.688
  2  24   60.298
  2  25   61.588
  2  26   64.008
  2  27   64.397
  2  28   65.205
  2  29   66.113
  2  30   63.789
  2  31   61.695
  2  32   61.849
  2  33   64.341
  2  34   66.238
  2  35   68.106
  2  36   73.342
  2  37   79.449
  2  38   83.540
  2  39   89.021
  2  40   90.990
  2  41   98.326
  2  42  107.587
  2  43  114.805
  2  44  121.933
  2  45  129.324
  2  46  136.567
  2  47  146.250
  2  48  154.082
  2  49  163.242
  2  50  173.933
  2  51  192.853
  3   0   33.528
  3   1   34.991
  3   2   35.087
  3   3   31.981
  3   4   35.747
  3   5   34.615
  3   6   35.886
  3   7   37.928
  3   8   41.235
  3   9   43.926
  3  10   46.946
  3  11   49.644
  3  12   50.864
  3  13   49.271
  3  14   49.713
  3  15   49.024
  3  16   50.955
  3  17   46.678
  3  18   45.169
  3  19   42.505
  3  20   45.196
  3  21   48.509
  3  22   51.446
  3  23   50.382
  3  24   49.702
  3  25   49.358
  3  26   51.862
  3  27   49.551
  3  28   50.498
  3  29   54.815
  3  30   55.798
  3  31   46.436
  3  32   45.417
  3  33   48.329
  3  34   50.288
  3  35   51.423
  3  36   57.386
  3  37   64.282
  3  38   67.150
  3  39   74.518
  3  40   74.149
  3  41   83.687
  3  42  103.998
  3  43  104.471
  3  44  121.738
  3  45  128.412
  3  46  133.980
  3  47  141.484
  3  48  144.261
  3  49  156.690
  3  50  157.034
  3  51  175.845
  4   0   33.999
  4   1   37.292
  4   2   37.391
  4   3   32.469
  4   4   37.064
  4   5   34.877
  4   6   36.277
  4   7   38.273
  4   8   41.965
  4   9   45.261
  4  10   48.924
  4  11   51.865
  4  12   52.087
  4  13   49.360
  4  14   49.677
  4  15   48.914
  4  16   50.928
  4  17   46.504
  4  18   44.978
  4  19   42.301
  4  20   44.994
  4  21   48.342
  4  22   51.382
  4  23   50.218
  4  24   49.513
  4  25   49.161
  4  26   51.665
  4  27   49.349
  4  28   50.296
  4  29   54.620
  4  30   55.637
  4  31   46.233
  4  32   45.214
  4  33   48.126
  4  34   50.084
  4  35   51.220
  4  36   57.182
  4  37   64.079
  4  38   66.946
  4  39   74.316
  4  40   73.945
  4  41   83.484
  4  42  103.835
  4  43  104.270
  4  44  121.688
  4  45  128.323
  4  46  133.835
  4  47  141.305
  4  48  144.060
  4  49  156.499
  4  50  156.830
  4  51  175.641
  5   0   35.161
  5   1   40.394
  5   2   40.494
  5   3   33.686
  5   4   38.824
  5   5   35.987
  5   6   37.445
  5   7   39.421
  5   8   43.311
  5   9   47.037
  5  10   51.423
  5  11   54.765
  5  12   53.766
  5  13   50.397
  5  14   50.666
  5  15   49.875
  5  16   51.920
  5  17   47.443
  5  18   45.910
  5  19   43.228
  5  20   45.923
  5  21   49.282
  5  22   52.359
  5  23   51.160
  5  24   50.446
  5  25   50.091
  5  26   52.595
  5  27   50.277
  5  28   51.224
  5  29   55.551
  5  30   56.579
  5  31   47.161
  5  32   46.142
  5  33   49.054
  5  34   51.012
  5  35   52.147
  5  36   58.110
  5  37   65.007
  5  38   67.874
  5  39   75.244
  5  40   74.873
  5  41   84.411
  5  42  104.761
  5  43  105.198
  5  44  122.608
  5  45  129.245
  5  46  134.760
  5  47  142.232
  5  48  144.988
  5  49  157.426
  5  50  157.758
  5  51  176.569
  6   0   36.618
  6   1   43.906
  6   2   44.004
  6   3   35.810
  6   4   41.178
  6   5   38.059
  6   6   39.537
  6   7   41.505
  6   8   45.473
  6   9   49.396
  6  10   54.254
  6  11   57.976
  6  12   56.073
  6  13   52.441
  6  14   52.694
  6  15   51.895
  6  16   53.950
  6  17   49.453
  6  18   47.918
  6  19   45.223
  6  20   47.918
  6  21   51.281
  6  22   54.370
  6  23   53.151
  6  24   52.434
  6  25   52.079
  6  26   54.582
  6  27   52.266
  6  28   53.213
  6  29   57.540
  6  30   58.571
  6  31   49.150
  6  32   48.130
  6  33   51.042
  6  34   53.001
  6  35   54.136
  6  36   60.098
  6  37   66.995
  6  38   69.862
  6  39   77.232
  6  40   76.862
  6  41   86.400
  6  42  106.721
  6  43  107.184
  6  44  124.486
  6  45  131.151
  6  46  136.706
  6  47  144.202
  6  48  146.974
  6  49  159.406
  6  50  159.747
  6  51  178.557
  7   0   36.243
  7   1   47.501
  7   2   47.577
  7   3   37.417
  7   4   42.897
  7   5   39.561
  7   6   41.055
  7   7   43.018
  7   8   47.040
  7   9   51.119
  7  10   56.456
  7  11   60.722
  7  12   57.750
  7  13   53.925
  7  14   54.167
  7  15   53.362
  7  16   55.424
  7  17   50.902
  7  18   49.366
  7  19   46.588
  7  20   49.282
  7  21   52.649
  7  22   55.735
  7  23   54.444
  7  24   53.726
  7  25   53.370
  7  26   55.873
  7  27   53.564
  7  28   54.511
  7  29   58.838
  7  30   59.872
  7  31   50.448
  7  32   49.428
  7  33   52.340
  7  34   54.299
  7  35   55.434
  7  36   61.396
  7  37   68.293
  7  38   71.160
  7  39   78.530
  7  40   78.159
  7  41   87.697
  7  42  107.988
  7  43  108.480
  7  44  125.667
  7  45  132.360
  7  46  137.958
  7  47  145.480
  7  48  148.269
  7  49  160.694
  7  50  161.045
  7  51  179.855
  8   0   36.013
  8   1   46.693
  8   2   46.280
  8   3   33.132
  8   4   38.594
  8   5   35.137
  8   6   36.639
  8   7   38.600
  8   8   42.655
  8   9   46.833
  8  10   52.559
  8  11   57.517
  8  12   53.435
  8  13   49.491
  8  14   49.726
  8  15   48.918
  8  16   50.971
  8  17   46.435
  8  18   44.897
  8  19   42.033
  8  20   44.728
  8  21   48.099
  8  22   51.163
  8  23   49.790
  8  24   49.071
  8  25   48.715
  8  26   51.215
  8  27   48.919
  8  28   49.867
  8  29   54.193
  8  30   55.166
  8  31   45.802
  8  32   44.784
  8  33   47.695
  8  34   49.654
  8  35   50.790
  8  36   56.752
  8  37   63.649
  8  38   66.516
  8  39   73.885
  8  40   73.516
  8  41   83.054
  8  42  103.398
  8  43  103.840
  8  44  121.233
  8  45  127.874
  8  46  133.396
  8  47  140.871
  8  48  143.630
  8  49  156.066
  8  50  156.401
  8  51  175.211
  9   0   36.459
  9   1   46.918
  9   2   44.905
  9   3   34.668
  9   4   34.504
  9   5   33.656
  9   6   32.961
  9   7   33.806
  9   8   34.105
  9   9   34.865
  9  10   36.181
  9  11   37.534
  9  12   39.025
  9  13   40.728
  9  14   42.505
  9  15   44.063
  9  16   45.103
  9  17   44.864
  9  18   43.912
  9  19   42.436
  9  20   42.438
  9  21   42.430
  9  22   42.298
  9  23   43.284
  9  24   44.277
  9  25   44.928
  9  26   45.830
  9  27   46.271
  9  28   46.761
  9  29   47.324
  9  30   46.766
  9  31   45.531
  9  32   45.142
  9  33   46.438
  9  34   48.740
  9  35   50.754
  9  36   53.729
  9  37   59.241
  9  38   64.863
  9  39   69.094
  9  40   73.902
  9  41   77.317
  9  42   85.443
  9  43   92.824
  9  44   99.774
  9  45  107.166
  9  46  114.414
  9  47  124.111
  9  48  132.067
  9  49  141.128
  9  50  156.981
  9  51  176.748
 10   0   37.488
 10   1   40.928
 10   2   40.884
 10   3   34.819
 10   4   36.206
 10   5   35.084
 10   6   34.782
 10   7   35.753
 10   8   36.224
 10   9   37.026
 10  10   38.357
 10  11   39.714
 10  12   41.202
 10  13   42.865
 10  14   44.605
 10  15   46.043
 10  16   47.146
 10  17   46.389
 10  18   45.295
 10  19   43.363
 10  20   44.108
 10  21   44.466
 10  22   44.437
 10  23   45.359
 10  24   46.253
 10  25   46.809
 10  26   47.848
 10  27   47.998
 10  28   48.557
 10  29   49.414
 10  30   48.900
 10  31   46.689
 10  32   46.074
 10  33   47.880
 10  34   50.091
 10  35   51.831
 10  36   55.513
 10  37   61.184
 10  38   66.399
 10  39   71.070
 10  40   74.823
 10  41   79.355
 10  42   87.628
 10  43   94.990
 10  44  101.959
 10  45  109.352
 10  46  116.598
 10  47  126.295
 10  48  134.237
 10  49  143.310
 10  50  157.825
 10  51  177.161
 11   0   38.209
 11   1   39.743
 11   2   39.815
 11   3   35.423
 11   4   38.529
 11   5   37.051
 11   6   37.565
 11   7   38.917
 11   8   40.037
 11   9   41.032
 11  10   42.443
 11  11   43.830
 11  12   45.304
 11  13   46.781
 11  14   48.364
 11  15   49.356
 11  16   50.677
 11  17   48.593
 11  18   47.263
 11  19   44.755
 11  20   46.607
 11  21   47.980
 11  22   48.374
 11  23   49.024
 11  24   49.561
 11  25   49.829
 11  26   51.300
 11  27   50.625
 11  28   51.351
 11  29   53.140
 11  30   52.808
 11  31   48.351
 11  32   47.478
 11  33   49.954
 11  34   52.022
 11  35   53.395
 11  36   58.278
 11  37   64.392
 11  38   68.636
 11  39   74.380
 11  40   76.216
 11  41   82.884
 11  42   91.776
 11  43   99.051
 11  44  106.113
 11  45  113.505
 11  46  120.749
 11  47  130.440
 11  48  138.316
 11  49  147.444
 11  50  159.140
 11  51  178.114
 12   0   38.616
 12   1   40.183
 12   2   40.270
 12   3   36.095
 12   4   39.827
 12   5   38.181
 12   6   39.136
 12   7   40.787
 12   8   42.672
 12   9   44.000
 12  10   45.570
 12  11   47.019
 12  12   48.463
 12  13   49.586
 12  14   50.920
 12  15   51.371
 12  16   52.930
 12  17   49.842
 12  18   48.407
 12  19   45.737
 12  20   48.051
 12  21   50.242
 12  22   51.230
 12  23   51.494
 12  24   51.636
 12  25   51.657
 12  26   53.523
 12  27   52.180
 12  28   53.011
 12  29   55.688
 12  30   55.628
 12  31   49.462
 12  32   48.505
 12  33   51.226
 12  34   53.234
 12  35   54.473
 12  36   59.920
 12  37   66.372
 12  38   69.981
 12  39   76.455
 12  40   77.239
 12  41   85.187
 12  42   95.038
 12  43  102.136
 12  44  109.384
 12  45  116.775
 12  46  124.015
 12  47  133.694
 12  48  141.436
 12  49  150.688
 12  50  160.141
 12  51  179.017
 13   0   39.162
 13   1   40.910
 13   2   41.002
 13   3   36.524
 13   4   40.814
 13   5   38.850
 13   6   40.171
 13   7   42.117
 13   8   45.355
 13   9   47.857
 13  10   50.307
 13  11   52.184
 13  12   53.347
 13  13   52.666
 13  14   53.298
 13  15   52.806
 13  16   54.750
 13  17   50.526
 13  18   49.012
 13  19   46.253
 13  20   48.910
 13  21   52.112
 13  22   54.684
 13  23   53.795
 13  24   53.226
 13  25   52.922
 13  26   55.340
 13  27   53.158
 13  28   54.092
 13  29   58.167
 13  30   58.933
 13  31   50.083
 13  32   49.069
 13  33   51.963
 13  34   53.926
 13  35   55.071
 13  36   60.981
 13  37   67.823
 13  38   70.777
 13  39   78.039
 13  40   77.801
 13  41   87.143
 13  42  101.503
 13  43  106.804
 13  44  116.012
 13  45  123.384
 13  46  130.551
 13  47  140.038
 13  48  146.358
 13  49  156.727
 13  50  160.687
 13  51  179.504
 14   0   39.795
 14   1   41.477
 14   2   41.570
 14   3   37.304
 14   4   41.572
 14   5   39.699
 14   6   41.052
 14   7   43.045
 14   8   46.536
 14   9   49.460
 14  10   52.536
 14  11   54.955
 14  12   55.827
 14  13   54.051
 14  14   54.476
 14  15   53.794
 14  16   55.777
 14  17   51.418
 14  18   49.898
 14  19   47.151
 14  20   49.837
 14  21   53.149
 14  22   56.045
 14  23   54.921
 14  24   54.250
 14  25   53.910
 14  26   56.395
 14  27   54.115
 14  28   55.058
 14  29   59.325
 14  30   60.276
 14  31   51.007
 14  32   49.989
 14  33   52.897
 14  34   54.856
 14  35   55.994
 14  36   61.945
 14  37   68.830
 14  38   71.716
 14  39   79.062
 14  40   78.720
 14  41   88.216
 14  42  105.666
 14  43  108.701
 14  44  120.694
 14  45  127.995
 14  46  134.922
 14  47  143.889
 14  48  148.416
 14  49  159.973
 14  50  161.606
 14  51  180.418
 15   0   40.357
 15   1   42.240
 15   2   42.330
 15   3   36.638
 15   4   41.351
 15   5   38.847
 15   6   40.255
 15   7   42.196
 15   8   45.825
 15   9   49.058
 15  10   52.389
 15  11   54.729
 15  12   55.207
 15  13   53.028
 15  14   53.390
 15  15   52.681
 15  16   54.699
 15  17   50.269
 15  18   48.741
 15  19   45.928
 15  20   48.615
 15  21   51.945
 15  22   54.866
 15  23   53.653
 15  24   52.971
 15  25   52.627
 15  26   55.112
 15  27   52.834
 15  28   53.770
 15  29   58.041
 15  30   59.000
 15  31   49.713
 15  32   48.695
 15  33   51.603
 15  34   53.563
 15  35   54.700
 15  36   60.651
 15  37   67.537
 15  38   70.422
 15  39   77.769
 15  40   77.426
 15  41   86.923
 15  42  104.428
 15  43  107.418
 15  44  119.474
 15  45  126.773
 15  46  133.691
 15  47  142.642
 15  48  147.134
 15  49  158.712
 15  50  160.312
 15  51  179.124
 16   0   41.066
 16   1   42.195
 16   2   42.284
 16   3   36.850
 16   4   41.500
 16   5   39.076
 16   6   40.459
 16   7   42.315
 16   8   45.888
 16   9   49.402
 16  10   53.371
 16  11   56.410
 16  12   56.266
 16  13   53.208
 16  14   53.396
 16  15   52.611
 16  16   54.639
 16  17   50.160
 16  18   48.630
 16  19   45.803
 16  20   48.497
 16  21   51.856
 16  22   54.874
 16  23   53.573
 16  24   52.864
 16  25   52.511
 16  26   55.010
 16  27   52.690
 16  28   53.594
 16  29   57.916
 16  30   58.904
 16  31   49.507
 16  32   48.489
 16  33   51.401
 16  34   53.360
 16  35   54.495
 16  36   60.457
 16  37   67.352
 16  38   70.221
 16  39   77.589
 16  40   77.220
 16  41   86.755
 16  42  106.701
 16  43  107.516
 16  44  123.632
 16  45  130.547
 16  46  136.521
 16  47  144.316
 16  48  147.299
 16  49  159.641
 16  50  160.106
 16  51  178.916
 17   0   41.677
 17   1   44.478
 17   2   44.556
 17   3   37.243
 17   4   42.326
 17   5   39.352
 17   6   40.491
 17   7   41.452
 17   8   44.236
 17   9   48.282
 17  10   53.524
 17  11   57.669
 17  12   55.867
 17  13   51.645
 17  14   51.464
 17  15   50.637
 17  16   52.675
 17  17   48.144
 17  18   46.607
 17  19   43.754
 17  20   46.449
 17  21   49.819
 17  22   52.876
 17  23   51.518
 17  24   50.800
 17  25   50.443
 17  26   52.934
 17  27   50.586
 17  28   51.381
 17  29   55.707
 17  30   56.583
 17  31   47.223
 17  32   46.211
 17  33   49.123
 17  34   51.081
 17  35   52.217
 17  36   58.180
 17  37   65.076
 17  38   67.944
 17  39   75.312
 17  40   74.942
 17  41   84.480
 17  42  104.796
 17  43  105.264
 17  44  122.549
 17  45  129.218
 17  46  134.780
 17  47  142.279
 17  48  145.054
 17  49  157.484
 17  50  157.827
 17  51  176.638
 18   0   43.016
 18   1   46.100
 18   2   46.015
 18   3   37.830
 18   4   40.510
 18   5   38.706
 18   6   38.533
 18   7   39.123
 18   8   39.894
 18   9   40.766
 18  10   41.718
 18  11   42.903
 18  12   44.313
 18  13   45.511
 18  14   46.680
 18  15   47.311
 18  16   48.225
 18  17   45.993
 18  18   44.612
 18  19   42.218
 18  20   43.753
 18  21   44.747
 18  22   44.958
 18  23   45.733
 18  24   46.427
 18  25   46.804
 18  26   48.090
 18  27   47.576
 18  28   48.163
 18  29   49.743
 18  30   49.262
 18  31   45.204
 18  32   44.363
 18  33   46.713
 18  34   48.809
 18  35   50.246
 18  36   54.869
 18  37   60.862
 18  38   65.353
 18  39   70.823
 18  40   73.094
 18  41   79.254
 18  42   87.933
 18  43   95.239
 18  44  102.267
 18  45  109.660
 18  46  116.905
 18  47  126.598
 18  48  134.498
 18  49  143.619
 18  50  156.031
 18  51  175.061
 19   0   44.302
 19   1   48.688
 19   2   48.358
 19   3   39.060
 19   4   40.854
 19   5   39.213
 19   6   38.785
 19   7   39.153
 19   8   39.555
 19   9   40.128
 19  10   40.937
 19  11   42.098
 19  12   43.479
 19  13   44.747
 19  14   46.015
 19  15   46.721
 19  16   47.228
 19  17   45.255
 19  18   43.886
 19  19   41.684
 19  20   42.768
 19  21   43.358
 19  22   43.408
 19  23   44.283
 19  24   45.098
 19  25   45.552
 19  26   46.657
 19  27   46.380
 19  28   46.912
 19  29   48.117
 19  30   47.494
 19  31   44.208
 19  32   43.435
 19  33   45.553
 19  34   47.699
 19  35   49.258
 19  36   53.449
 19  37   59.276
 19  38   64.128
 19  39   69.200
 19  40   72.164
 19  41   77.545
 19  42   85.990
 19  43   93.329
 19  44  100.322
 19  45  107.715
 19  46  114.961
 19  47  124.657
 19  48  132.582
 19  49  141.682
 19  50  155.126
 19  51  174.272
 20   0   45.446
 20   1   51.578
 20   2   51.015
 20   3   38.302
 20   4   41.832
 20   5   38.848
 20   6   38.760
 20   7   38.960
 20   8   40.260
 20   9   41.693
 20  10   42.775
 20  11   43.961
 20  12   45.288
 20  13   46.044
 20  14   46.768
 20  15   46.553
 20  16   47.292
 20  17   43.479
 20  18   41.971
 20  19   39.280
 20  20   41.452
 20  21   43.354
 20  22   44.094
 20  23   44.508
 20  24   44.730
 20  25   44.647
 20  26   46.245
 20  27   44.693
 20  28   45.338
 20  29   48.015
 20  30   47.757
 20  31   41.601
 20  32   40.649
 20  33   43.343
 20  34   45.358
 20  35   46.609
 20  36   51.986
 20  37   58.391
 20  38   62.086
 20  39   68.462
 20  40   69.379
 20  41   77.152
 20  42   86.816
 20  43   93.953
 20  44  101.160
 20  45  108.551
 20  46  115.792
 20  47  125.473
 20  48  133.245
 20  49  142.473
 20  50  152.283
 20  51  171.171
 21   0   46.141
 21   1   51.199
 21   2   49.980
 21   3   35.952
 21   4   39.455
 21   5   36.265
 21   6   36.125
 21   7   36.241
 21   8   37.565
 21   9   39.077
 21  10   40.173
 21  11   41.356
 21  12   42.676
 21  13   43.379
 21  14   44.046
 21  15   43.716
 21  16   44.331
 21  17   40.316
 21  18   38.784
 21  19   36.101
 21  20   38.189
 21  21   39.938
 21  22   40.560
 21  23   41.037
 21  24   41.221
 21  25   41.130
 21  26   42.667
 21  27   41.157
 21  28   41.766
 21  29   44.229
 21  30   43.852
 21  31   38.077
 21  32   37.138
 21  33   39.780
 21  34   41.807
 21  35   43.086
 21  36   48.337
 21  37   54.660
 21  38   58.505
 21  39   64.708
 21  40   65.868
 21  41   73.337
 21  42   82.730
 21  43   89.919
 21  44   97.071
 21  45  104.463
 21  46  111.705
 21  47  121.390
 21  48  129.201
 21  49  138.383
 21  50  148.776
 21  51  167.683
 22   0   45.037
 22   1   50.320
 22   2   48.304
 22   3   35.766
 22   4   37.235
 22   5   35.208
 22   6   34.550
 22   7   34.610
 22   8   34.959
 22   9   35.564
 22  10   36.333
 22  11   37.470
 22  12   38.844
 22  13   40.074
 22  14   41.262
 22  15   41.745
 22  16   41.806
 22  17   39.247
 22  18   37.707
 22  19   35.494
 22  20   36.354
 22  21   36.783
 22  22   36.769
 22  23   37.663
 22  24   38.461
 22  25   38.849
 22  26   39.784
 22  27   39.450
 22  28   39.820
 22  29   40.669
 22  30   39.877
 22  31   37.185
 22  32   36.481
 22  33   38.354
 22  34   40.548
 22  35   42.234
 22  36   46.020
 22  37   51.723
 22  38   56.866
 22  39   61.621
 22  40   65.203
 22  41   69.908
 22  42   78.210
 22  43   85.568
 22  44   92.542
 22  45   99.934
 22  46  107.181
 22  47  116.877
 22  48  124.817
 22  49  133.891
 22  50  148.195
 22  51  167.485
 23   0   45.021
 23   1   46.618
 23   2   45.584
 23   3   30.821
 23   4   35.046
 23   5   31.301
 23   6   31.342
 23   7   31.474
 23   8   33.395
 23   9   36.026
 23  10   37.859
 23  11   39.173
 23  12   40.339
 23  13   39.985
 23  14   40.029
 23  15   39.089
 23  16   40.001
 23  17   35.251
 23  18   33.713
 23  19   30.902
 23  20   33.378
 23  21   35.994
 23  22   37.458
 23  23   37.319
 23  24   36.909
 23  25   36.490
 23  26   38.333
 23  27   36.201
 23  28   36.868
 23  29   40.218
 23  30   40.231
 23  31   32.883
 23  32   31.901
 23  33   34.705
 23  34   36.692
 23  35   37.884
 23  36   43.545
 23  37   50.162
 23  38   53.486
 23  39   60.300
 23  40   60.631
 23  41   69.167
 23  42   79.921
 23  43   86.799
 23  44   94.281
 23  45  101.670
 23  46  108.904
 23  47  118.565
 23  48  126.138
 23  49  135.517
 23  50  143.525
 23  51  162.373
 24   0   45.077
 24   1   47.186
 24   2   43.833
 24   3   35.105
 24   4   32.497
 24   5   31.727
 24   6   30.372
 24   7   30.361
 24   8   29.985
 24   9   30.220
 24  10   30.892
 24  11   32.017
 24  12   33.405
 24  13   34.799
 24  14   36.202
 24  15   37.190
 24  16   36.899
 24  17   35.759
 24  18   34.216
 24  19   33.030
 24  20   31.956
 24  21   31.618
 24  22   31.396
 24  23   32.417
 24  24   33.461
 24  25   34.118
 24  26   34.755
 24  27   35.191
 24  28   35.373
 24  29   35.434
 24  30   34.532
 24  31   34.035
 24  32   33.850
 24  33   34.410
 24  34   36.813
 24  35   39.163
 24  36   41.334
 24  37   46.721
 24  38   52.701
 24  39   56.557
 24  40   62.560
 24  41   64.722
 24  42   72.750
 24  43   80.142
 24  44   87.080
 24  45   94.473
 24  46  101.720
 24  47  111.419
 24  48  119.384
 24  49  128.451
 24  50  145.777
 24  51  166.662
 25   0   43.115
 25   1   48.656
 25   2   47.996
 25   3   33.129
 25   4   37.291
 25   5   33.590
 25   6   33.615
 25   7   33.744
 25   8   35.602
 25   9   38.095
 25  10   39.806
 25  11   41.094
 25  12   42.290
 25  13   42.097
 25  14   42.213
 25  15   41.327
 25  16   42.215
 25  17   37.520
 25  18   35.982
 25  19   33.174
 25  20   35.620
 25  21   38.150
 25  22   39.495
 25  23   39.438
 25  24   39.093
 25  25   38.703
 25  26   40.514
 25  27   38.438
 25  28   39.097
 25  29   42.344
 25  30   42.312
 25  31   35.140
 25  32   34.161
 25  33   36.950
 25  34   38.940
 25  35   40.141
 25  36   45.761
 25  37   52.345
 25  38   55.725
 25  39   62.473
 25  40   62.890
 25  41   71.310
 25  42   81.839
 25  43   88.778
 25  44   96.196
 25  45  103.585
 25  46  110.821
 25  47  120.487
 25  48  128.107
 25  49  137.461
 25  50  145.786
 25  51  164.639
 26   0   42.360
 26   1   41.858
 26   2   41.795
 26   3   35.864
 26   4   36.514
 26   5   35.019
 26   6   34.171
 26   7   34.217
 26   8   34.303
 26   9   34.759
 26  10   35.487
 26  11   36.620
 26  12   38.001
 26  13   39.301
 26  14   40.576
 26  15   41.245
 26  16   41.178
 26  17   39.060
 26  18   37.520
 26  19   35.520
 26  20   35.896
 26  21   36.051
 26  22   35.952
 26  23   36.888
 26  24   37.768
 26  25   38.241
 26  26   39.082
 26  27   38.975
 26  28   39.294
 26  29   39.898
 26  30   39.069
 26  31   36.961
 26  32   36.346
 26  33   37.958
 26  34   40.202
 26  35   42.024
 26  36   45.426
 26  37   51.030
 26  38   56.416
 26  39   60.908
 26  40   65.067
 26  41   69.154
 26  42   77.360
 26  43   84.730
 26  44   91.691
 26  45   99.084
 26  46  106.330
 26  47  116.028
 26  48  123.977
 26  49  133.057
 26  50  148.094
 26  51  167.568
 27   0   40.676
 27   1   41.838
 27   2   41.917
 27   3   35.683
 27   4   39.600
 27   5   36.378
 27   6   36.448
 27   7   36.630
 27   8   38.571
 27   9   41.231
 27  10   43.114
 27  11   44.451
 27  12   45.614
 27  13   45.207
 27  14   45.229
 27  15   44.270
 27  16   45.200
 27  17   40.422
 27  18   38.885
 27  19   36.053
 27  20   38.540
 27  21   41.185
 27  22   42.663
 27  23   42.206
 27  24   41.685
 27  25   41.210
 27  26   43.002
 27  27   40.862
 27  28   41.508
 27  29   44.712
 27  30   44.639
 27  31   37.548
 27  32   36.570
 27  33   39.351
 27  34   41.344
 27  35   42.548
 27  36   48.147
 27  37   54.715
 27  38   58.124
 27  39   64.837
 27  40   65.300
 27  41   73.659
 27  42   84.082
 27  43   91.048
 27  44   98.437
 27  45  105.827
 27  46  113.063
 27  47  122.731
 27  48  130.371
 27  49  139.696
 27  50  148.196
 27  51  167.052
 28   0   40.651
 28   1   39.990
 28   2   40.046
 28   3   33.182
 28   4   37.065
 28   5   33.841
 28   6   33.889
 28   7   34.069
 28   8   35.864
 28   9   38.158
 28  10   39.723
 28  11   40.990
 28  12   42.223
 28  13   42.250
 28  14   42.477
 28  15   41.683
 28  16   42.519
 28  17   37.929
 28  18   36.391
 28  19   33.574
 28  20   35.966
 28  21   38.352
 28  22   39.506
 28  23   39.048
 28  24   38.614
 28  25   38.171
 28  26   39.882
 28  27   37.855
 28  28   38.487
 28  29   41.515
 28  30   41.337
 28  31   34.571
 28  32   33.602
 28  33   36.355
 28  34   38.354
 28  35   39.574
 28  36   45.099
 28  37   51.610
 28  38   55.117
 28  39   61.714
 28  40   62.332
 28  41   70.487
 28  42   80.600
 28  43   87.640
 28  44   94.950
 28  45  102.340
 28  46  109.578
 28  47  119.252
 28  48  126.950
 28  49  136.227
 28  50  145.231
 28  51  164.096
 29   0   40.619
 29   1   41.227
 29   2   41.110
 29   3   33.494
 29   4   35.010
 29   5   33.088
 29   6   32.449
 29   7   32.523
 29   8   32.854
 29   9   33.449
 29  10   34.215
 29  11   35.352
 29  12   36.726
 29  13   37.963
 29  14   39.159
 29  15   39.655
 29  16   39.701
 29  17   37.161
 29  18   35.618
 29  19   33.388
 29  20   34.227
 29  21   34.639
 29  22   34.600
 29  23   35.368
 29  24   35.988
 29  25   36.128
 29  26   36.762
 29  27   36.463
 29  28   36.743
 29  29   37.485
 29  30   36.644
 29  31   34.099
 29  32   33.414
 29  33   35.219
 29  34   37.427
 29  35   39.148
 29  36   42.830
 29  37   48.504
 29  38   53.717
 29  39   58.396
 29  40   62.136
 29  41   66.671
 29  42   74.944
 29  43   82.306
 29  44   89.275
 29  45   96.668
 29  46  103.914
 29  47  113.611
 29  48  121.553
 29  49  130.626
 29  50  145.137
 29  51  164.472
 30   0   40.742
 30   1   44.174
 30   2   43.642
 30   3   31.158
 30   4   34.494
 30   5   31.422
 30   6   31.251
 30   7   31.382
 30   8   32.604
 30   9   33.964
 30  10   34.994
 30  11   36.167
 30  12   37.498
 30  13   38.302
 30  14   39.054
 30  15   38.819
 30  16   39.331
 30  17   35.449
 30  18   33.909
 30  19   31.232
 30  20   33.189
 30  21   34.717
 30  22   35.171
 30  23   35.403
 30  24   35.431
 30  25   34.758
 30  26   34.992
 30  27   37.769
 30  28   37.895
 30  29   38.214
 30  30   37.283
 30  31   35.628
 30  32   35.099
 30  33   36.449
 30  34   38.737
 30  35   40.692
 30  36   43.746
 30  37   49.277
 30  38   54.856
 30  39   59.140
 30  40   63.814
 30  41   67.357
 30  42   75.496
 30  43   82.875
 30  44   89.827
 30  45   97.219
 30  46  104.467
 30  47  114.164
 30  48  122.119
 30  49  131.181
 30  50  146.880
 30  51  166.580
 31   0   36.973
 31   1   44.523
 31   2   43.064
 31   3   29.384
 31   4   32.179
 31   5   29.415
 31   6   29.094
 31   7   29.198
 31   8   30.126
 31   9   31.170
 31  10   32.077
 31  11   33.233
 31  12   34.584
 31  13   35.583
 31  14   36.514
 31  15   36.536
 31  16   36.885
 31  17   33.409
 31  18   31.867
 31  19   29.303
 31  20   30.961
 31  21   32.087
 31  22   32.327
 31  23   32.785
 31  24   33.012
 31  25   32.527
 31  26   32.777
 31  27   35.036
 31  28   35.233
 31  29   36.156
 31  30   37.537
 31  31   35.124
 31  32   34.510
 31  33   37.180
 31  34   39.240
 31  35   40.581
 31  36   45.827
 31  37   52.122
 31  38   55.994
 31  39   62.134
 31  40   63.373
 31  41   70.826
 31  42   80.203
 31  43   87.395
 31  44   94.544
 31  45  101.935
 31  46  109.178
 31  47  118.862
 31  48  126.676
 31  49  135.855
 31  50  146.285
 31  51  165.193
 32   0   32.613
 32   1   39.199
 32   2   38.686
 32   3   24.033
 32   4   28.184
 32   5   24.494
 32   6   24.516
 32   7   24.669
 32   8   26.539
 32   9   28.984
 32  10   30.655
 32  11   31.936
 32  12   33.128
 32  13   32.930
 32  14   33.044
 32  15   32.157
 32  16   33.045
 32  17   28.325
 32  18   26.787
 32  19   23.967
 32  20   26.411
 32  21   28.936
 32  22   30.263
 32  23   29.590
 32  24   29.015
 32  25   27.896
 32  26   28.065
 32  27   32.883
 32  28   32.506
 32  29   34.386
 32  30   35.589
 32  31   29.876
 32  32   28.946
 32  33   31.787
 32  34   33.772
 32  35   34.959
 32  36   40.706
 32  37   47.391
 32  38   50.597
 32  39   57.545
 32  40   57.701
 32  41   66.500
 32  42   77.895
 32  43   84.580
 32  44   92.269
 32  45   99.657
 32  46  106.885
 32  47  116.529
 32  48  123.952
 32  49  133.453
 32  50  140.593
 32  51  159.429
 33   0   33.161
 33   1   33.470
 33   2   32.521
 33   3   17.440
 33   4   21.933
 33   5   17.984
 33   6   18.090
 33   7   18.230
 33   8   20.401
 33   9   23.831
 33  10   26.741
 33  11   28.350
 33  12   29.123
 33  13   27.316
 33  14   26.928
 33  15   25.703
 33  16   26.760
 33  17   21.697
 33  18   20.158
 33  19   17.268
 33  20   19.889
 33  21   22.971
 33  22   25.196
 33  23   23.544
 33  24   22.607
 33  25   21.295
 33  26   21.447
 33  27   27.651
 33  28   26.865
 33  29   29.813
 33  30   30.788
 33  31   23.254
 33  32   22.267
 33  33   25.144
 33  34   27.113
 33  35   28.272
 33  36   34.128
 33  37   40.918
 33  38   43.956
 33  39   51.112
 33  40   51.005
 33  41   60.162
 33  42   73.026
 33  43   79.130
 33  44   87.447
 33  45   94.829
 33  46  102.036
 33  47  111.624
 33  48  118.588
 33  49  128.456
 33  50  133.893
 33  51  152.716
 34   0   35.974
 34   1   34.171
 34   2   30.577
 34   3   22.177
 34   4   19.180
 34   5   18.470
 34   6   17.079
 34   7   17.064
 34   8   16.661
 34   9   16.884
 34  10   17.553
 34  11   18.678
 34  12   20.065
 34  13   21.458
 34  14   22.845
 34  15   23.791
 34  16   23.404
 34  17   22.281
 34  18   20.717
 34  19   19.603
 34  20   18.394
 34  21   18.022
 34  22   17.773
 34  23   18.748
 34  24   19.644
 34  25   20.081
 34  26   20.435
 34  27   20.640
 34  28   20.861
 34  29   21.392
 34  30   22.492
 34  31   23.080
 34  32   23.745
 34  33   24.645
 34  34   27.084
 34  35   29.615
 34  36   31.741
 34  37   37.100
 34  38   43.117
 34  39   46.909
 34  40   53.085
 34  41   55.123
 34  42   63.143
 34  43   70.536
 34  44   77.472
 34  45   84.865
 34  46   92.113
 34  47  101.811
 34  48  109.777
 34  49  118.829
 34  50  136.337
 34  51  157.446
 35   0   36.550
 35   1   39.884
 35   2   38.028
 35   3   22.228
 35   4   25.719
 35   5   22.485
 35   6   22.340
 35   7   22.446
 35   8   23.787
 35   9   25.346
 35  10   26.464
 35  11   27.650
 35  12   28.957
 35  13   29.567
 35  14   30.152
 35  15   29.713
 35  16   30.297
 35  17   26.181
 35  18   24.640
 35  19   21.907
 35  20   23.998
 35  21   25.747
 35  22   26.337
 35  23   26.386
 35  24   26.257
 35  25   25.440
 35  26   25.633
 35  27   29.098
 35  28   29.003
 35  29   30.164
 35  30   31.245
 35  31   27.590
 35  32   26.809
 35  33   29.432
 35  34   31.478
 35  35   32.801
 35  36   37.969
 35  37   44.231
 35  38   48.180
 35  39   54.251
 35  40   55.594
 35  41   62.871
 35  42   72.119
 35  43   79.334
 35  44   86.458
 35  45   93.850
 35  46  101.093
 35  47  110.780
 35  48  118.611
 35  49  127.777
 35  50  138.509
 35  51  157.430
 36   0   36.906
 36   1   38.819
 36   2   38.018
 36   3   24.751
 36   4   27.741
 36   5   24.846
 36   6   24.574
 36   7   24.665
 36   8   25.699
 36   9   26.885
 36  10   27.845
 36  11   29.008
 36  12   30.345
 36  13   31.220
 36  14   32.023
 36  15   31.858
 36  16   32.263
 36  17   28.557
 36  18   27.014
 36  19   24.379
 36  20   26.191
 36  21   27.512
 36  22   27.846
 36  23   28.175
 36  24   28.283
 36  25   27.669
 36  26   27.882
 36  27   30.640
 36  28   30.645
 36  29   31.594
 36  30   32.659
 36  31   29.745
 36  32   29.040
 36  33   31.547
 36  34   33.626
 36  35   35.026
 36  36   39.910
 36  37   46.015
 36  38   50.266
 36  39   55.991
 36  40   57.849
 36  41   64.515
 36  42   73.406
 36  43   80.681
 36  44   87.742
 36  45   95.135
 36  46  102.379
 36  47  112.071
 36  48  119.946
 36  49  129.089
 36  50  140.779
 36  51  159.753
 37   0   36.360
 37   1   37.482
 37   2   37.233
 37   3   25.755
 37   4   29.034
 37   5   25.971
 37   6   25.778
 37   7   25.882
 37   8   27.098
 37   9   28.490
 37  10   29.533
 37  11   30.709
 37  12   32.031
 37  13   32.766
 37  14   33.449
 37  15   33.126
 37  16   33.634
 37  17   29.687
 37  18   28.146
 37  19   25.452
 37  20   27.433
 37  21   28.997
 37  22   29.470
 37  23   29.650
 37  24   29.627
 37  25   28.895
 37  26   29.086
 37  27   32.209
 37  28   32.139
 37  29   33.215
 37  30   34.145
 37  31   29.715
 37  32   28.636
 37  33   31.310
 37  34   33.338
 37  35   34.619
 37  36   39.919
 37  37   46.267
 37  38   50.060
 37  39   56.317
 37  40   57.395
 37  41   64.979
 37  42   74.467
 37  43   81.638
 37  44   88.809
 37  45   96.200
 37  46  103.442
 37  47  113.126
 37  48  120.924
 37  49  130.132
 37  50  140.311
 37  51  159.211
 38   0   36.099
 38   1   36.496
 38   2   36.311
 38   3   26.088
 38   4   29.026
 38   5   26.207
 38   6   25.931
 38   7   26.029
 38   8   27.041
 38   9   28.198
 38  10   29.148
 38  11   30.310
 38  12   31.649
 38  13   32.544
 38  14   33.366
 38  15   33.227
 38  16   33.613
 38  17   29.951
 38  18   28.407
 38  19   25.787
 38  20   27.568
 38  21   28.847
 38  22   29.159
 38  23   29.517
 38  24   29.649
 38  25   29.054
 38  26   29.093
 38  27   31.759
 38  28   31.647
 38  29   32.620
 38  30   32.942
 38  31   28.119
 38  32   26.837
 38  33   29.350
 38  34   31.407
 38  35   32.744
 38  36   37.703
 38  37   43.859
 38  38   48.023
 38  39   53.868
 38  40   55.549
 38  41   62.375
 38  42   71.348
 38  43   78.609
 38  44   85.685
 38  45   93.077
 38  46  100.321
 38  47  110.012
 38  48  117.878
 38  49  127.029
 38  50  138.481
 38  51  157.440
 39   0   36.712
 39   1   36.228
 39   2   35.977
 39   3   26.350
 39   4   28.560
 39   5   26.187
 39   6   25.722
 39   7   25.799
 39   8   26.436
 39   9   27.253
 39  10   28.085
 39  11   29.231
 39  12   30.591
 39  13   31.690
 39  14   32.716
 39  15   32.894
 39  16   33.065
 39  17   29.957
 39  18   28.411
 39  19   25.962
 39  20   27.299
 39  21   28.093
 39  22   28.184
 39  23   28.783
 39  24   29.148
 39  25   28.771
 39  26   28.474
 39  27   30.659
 39  28   30.542
 39  29   31.165
 39  30   31.052
 39  31   26.962
 39  32   25.723
 39  33   27.930
 39  34   30.049
 39  35   31.522
 39  36   35.898
 39  37   41.797
 39  38   46.497
 39  39   51.749
 39  40   54.393
 39  41   60.102
 39  42   68.636
 39  43   75.963
 39  44   82.969
 39  45   90.361
 39  46   97.607
 39  47  107.302
 39  48  115.218
 39  49  124.328
 39  50  137.354
 39  51  156.447
 40   0   37.177
 40   1   37.936
 40   2   37.391
 40   3   27.152
 40   4   28.689
 40   5   26.662
 40   6   26.025
 40   7   26.088
 40   8   26.448
 40   9   27.063
 40  10   27.835
 40  11   28.972
 40  12   30.343
 40  13   31.549
 40  14   32.697
 40  15   33.098
 40  16   33.113
 40  17   30.465
 40  18   28.916
 40  19   26.654
 40  20   27.557
 40  21   28.011
 40  22   27.960
 40  23   28.710
 40  24   29.145
 40  25   28.597
 40  26   28.033
 40  27   30.173
 40  28   29.992
 40  29   30.366
 40  30   30.150
 40  31   26.445
 40  32   25.251
 40  33   27.300
 40  34   29.449
 40  35   30.995
 40  36   35.103
 40  37   40.908
 40  38   45.819
 40  39   50.840
 40  40   53.902
 40  41   59.146
 40  42   67.559
 40  43   74.902
 40  44   81.891
 40  45   89.283
 40  46   96.529
 40  47  106.226
 40  48  114.154
 40  49  123.253
 40  50  136.879
 40  51  156.052
 41   0   34.185
 41   1   40.173
 41   2   39.216
 41   3   25.320
 41   4   28.655
 41   5   25.550
 41   6   25.370
 41   7   25.488
 41   8   26.726
 41   9   28.115
 41  10   29.157
 41  11   30.332
 41  12   31.654
 41  13   32.394
 41  14   33.082
 41  15   32.766
 41  16   33.269
 41  17   29.333
 41  18   27.791
 41  19   25.129
 41  20   27.096
 41  21   28.640
 41  22   28.823
 41  23   29.329
 41  24   28.444
 41  25   26.418
 41  26   25.139
 41  27   29.461
 41  28   28.741
 41  29   30.313
 41  30   30.093
 41  31   23.314
 41  32   21.912
 41  33   24.583
 41  34   26.600
 41  35   27.850
 41  36   33.178
 41  37   39.554
 41  38   43.305
 41  39   49.624
 41  40   50.619
 41  41   58.273
 41  42   67.824
 41  43   74.983
 41  44   82.166
 41  45   89.558
 41  46   96.799
 41  47  106.483
 41  48  114.272
 41  49  123.487
 41  50  133.535
 41  51  152.430
 42   0   29.717
 42   1   36.781
 42   2   36.137
 42   3   21.124
 42   4   25.203
 42   5   21.564
 42   6   21.569
 42   7   21.715
 42   8   23.517
 42   9   25.818
 42  10   27.377
 42  11   28.636
 42  12   29.849
 42  13   29.787
 42  14   29.961
 42  15   29.123
 42  16   29.955
 42  17   25.326
 42  18   23.787
 42  19   21.028
 42  20   23.414
 42  21   25.788
 42  22   25.873
 42  23   26.602
 42  24   24.444
 42  25   21.968
 42  26   20.552
 42  27   25.318
 42  28   24.398
 42  29   26.558
 42  30   26.348
 42  31   18.398
 42  32   16.919
 42  33   19.696
 42  34   21.688
 42  35   22.887
 42  36   28.479
 42  37   35.043
 42  38   38.460
 42  39   45.169
 42  40   45.636
 42  41   53.974
 42  42   64.365
 42  43   71.339
 42  44   78.719
 42  45   86.109
 42  46   93.345
 42  47  103.015
 42  48  110.662
 42  49  119.995
 42  50  128.541
 42  51  147.397
 43   0   28.304
 43   1   30.918
 43   2   30.042
 43   3   14.842
 43   4   19.347
 43   5   15.389
 43   6   15.497
 43   7   15.640
 43   8   17.823
 43   9   21.295
 43  10   24.290
 43  11   25.930
 43  12   26.665
 43  13   24.761
 43  14   24.353
 43  15   23.116
 43  16   24.173
 43  17   19.108
 43  18   17.570
 43  19   14.751
 43  20   17.369
 43  21   20.443
 43  22   20.958
 43  23   22.157
 43  24   19.309
 43  25   16.657
 43  26   15.199
 43  27   20.344
 43  28   19.322
 43  29   22.191
 43  30   21.948
 43  31   12.769
 43  32   11.281
 43  33   14.130
 43  34   16.104
 43  35   17.269
 43  36   23.053
 43  37   29.779
 43  38   32.923
 43  39   39.955
 43  40   40.002
 43  41   48.918
 43  42   60.687
 43  43   67.243
 43  44   75.070
 43  45   82.457
 43  46   89.681
 43  47   99.315
 43  48  106.639
 43  49  116.235
 43  50  122.905
 43  51  141.737
 44   0   29.701
 44   1   29.325
 44   2   27.120
 44   3   14.046
 44   4   15.983
 44   5   13.700
 44   6   13.159
 44   7   13.220
 44   8   13.753
 44   9   14.493
 44  10   15.300
 44  11   16.442
 44  12   17.806
 44  13   18.948
 44  14   20.021
 44  15   20.282
 44  16   20.399
 44  17   17.458
 44  18   15.915
 44  19   13.644
 44  20   14.800
 44  21   15.458
 44  22   13.480
 44  23   14.747
 44  24   12.668
 44  25   10.194
 44  26    8.773
 44  27   13.903
 44  28   12.915
 44  29   15.833
 44  30   15.569
 44  31    6.329
 44  32    4.849
 44  33    7.702
 44  34    9.675
 44  35   10.839
 44  36   16.636
 44  37   23.373
 44  38   26.498
 44  39   33.552
 44  40   33.570
 44  41   42.528
 44  42   54.450
 44  43   60.949
 44  44   68.838
 44  45   76.224
 44  46   83.446
 44  47   93.075
 44  48  100.354
 44  49  109.974
 44  50  116.474
 44  51  135.304
 45   0   33.871
 45   1   30.997
 45   2   27.503
 45   3   18.227
 45   4   16.104
 45   5   15.246
 45   6   13.944
 45   7   13.936
 45   8   13.603
 45   9   13.856
 45  10   14.532
 45  11   15.658
 45  12   17.044
 45  13   18.424
 45  14   19.794
 45  15   20.695
 45  16   20.358
 45  17   19.089
 45  18   17.546
 45  19   16.230
 45  20   15.271
 45  21   14.742
 45  22   14.114
 45  23   13.757
 45  24   12.716
 45  25   11.361
 45  26   10.543
 45  27    9.977
 45  28    9.516
 45  29    9.131
 45  30    8.781
 45  31    7.692
 45  32    7.120
 45  33    7.603
 45  34    9.989
 45  35   12.207
 45  36   14.460
 45  37   19.865
 45  38   25.810
 45  39   29.723
 45  40   35.545
 45  41   37.859
 45  42   45.897
 45  43   53.288
 45  44   60.227
 45  45   67.620
 45  46   74.867
 45  47   84.566
 45  48   92.530
 45  49  101.586
 45  50  118.740
 45  51  139.410
 46   0   38.272
 46   1   37.616
 46   2   34.295
 46   3   22.281
 46   4   22.633
 46   5   21.075
 46   6   20.170
 46   7   20.194
 46   8   20.238
 46   9   20.674
 46  10   21.396
 46  11   22.527
 46  12   23.905
 46  13   25.201
 46  14   26.458
 46  15   27.087
 46  16   26.950
 46  17   24.860
 46  18   23.317
 46  19   21.398
 46  20   21.588
 46  21   21.415
 46  22   20.167
 46  23   19.971
 46  24   18.442
 46  25   16.654
 46  26   15.573
 46  27   16.157
 46  28   15.650
 46  29   15.429
 46  30   15.090
 46  31   12.873
 46  32   11.923
 46  33   13.226
 46  34   15.503
 46  35   17.380
 46  36   20.462
 46  37   26.005
 46  38   31.565
 46  39   35.887
 46  40   40.477
 46  41   44.075
 46  42   52.222
 46  43   59.600
 46  44   66.552
 46  45   73.945
 46  46   81.192
 46  47   90.890
 46  48   98.844
 46  49  107.909
 46  50  123.544
 46  51  143.219
 47   0   44.554
 47   1   47.269
 47   2   45.970
 47   3   28.473
 47   4   32.715
 47   5   28.947
 47   6   28.988
 47   7   29.117
 47   8   31.033
 47   9   33.684
 47  10   35.537
 47  11   36.855
 47  12   37.994
 47  13   37.509
 47  14   37.496
 47  15   36.512
 47  16   37.435
 47  17   32.635
 47  18   31.097
 47  19   28.384
 47  20   30.848
 47  21   33.142
 47  22   28.597
 47  23   29.841
 47  24   26.738
 47  25   24.059
 47  26   22.595
 47  27   27.380
 47  28   26.425
 47  29   28.585
 47  30   28.321
 47  31   20.127
 47  32   18.663
 47  33   21.452
 47  34   23.441
 47  35   24.634
 47  36   30.255
 47  37   36.843
 47  38   40.219
 47  39   46.976
 47  40   47.378
 47  41   55.801
 47  42   66.337
 47  43   73.274
 47  44   80.693
 47  45   88.083
 47  46   95.318
 47  47  104.985
 47  48  112.605
 47  49  121.948
 47  50  130.288
 47  51  149.140
 48   0   51.751
 48   1   53.388
 48   2   50.954
 48   3   35.653
 48   4   38.613
 48   5   35.727
 48   6   35.446
 48   7   35.534
 48   8   36.548
 48   9   37.715
 48  10   38.668
 48  11   39.829
 48  12   41.168
 48  13   42.055
 48  14   42.869
 48  15   42.720
 48  16   43.123
 48  17   39.443
 48  18   37.904
 48  19   35.400
 48  20   37.123
 48  21   38.082
 48  22   35.202
 48  23   35.799
 48  24   33.360
 48  25   30.965
 48  26   29.604
 48  27   32.524
 48  28   31.846
 48  29   32.338
 48  30   32.017
 48  31   27.074
 48  32   25.742
 48  33   28.091
 48  34   30.179
 48  35   31.580
 48  36   36.219
 48  37   42.226
 48  38   46.696
 48  39   52.204
 48  40   54.417
 48  41   60.611
 48  42   69.304
 48  43   76.608
 48  44   83.638
 48  45   91.030
 48  46   98.275
 48  47  107.969
 48  48  115.868
 48  49  124.992
 48  50  137.365
 48  51  156.391
 49   0   59.292
 49   1   60.950
 49   2   58.825
 49   3   43.008
 49   4   46.360
 49   5   43.219
 49   6   43.038
 49   7   43.139
 49   8   44.388
 49   9   45.826
 49  10   46.889
 49  11   48.066
 49  12   49.384
 49  13   50.085
 49  14   50.741
 49  15   50.386
 49  16   50.923
 49  17   46.927
 49  18   45.388
 49  19   42.815
 49  20   44.770
 49  21   45.952
 49  22   42.529
 49  23   43.362
 49  24   40.680
 49  25   38.169
 49  26   36.765
 49  27   40.331
 49  28   39.577
 49  29   40.452
 49  30   40.141
 49  31   34.261
 49  32   32.872
 49  33   35.405
 49  34   37.453
 49  35   38.768
 49  36   43.780
 49  37   49.967
 49  38   54.073
 49  39   59.989
 49  40   61.565
 49  41   68.504
 49  42   77.540
 49  43   84.792
 49  44   91.878
 49  45   99.270
 49  46  106.513
 49  47  116.204
 49  48  124.062
 49  49  133.220
 49  50  144.496
 49  51  163.445
 50   0   72.556
 50   1   67.662
 50   2   63.995
 50   3   56.192
 50   4   52.591
 50   5   51.960
 50   6   50.520
 50   7   50.502
 50   8   50.062
 50   9   50.270
 50  10   50.936
 50  11   52.060
 50  12   53.447
 50  13   54.848
 50  14   56.245
 50  15   57.219
 50  16   56.827
 50  17   55.821
 50  18   54.273
 50  19   53.227
 50  20   51.755
 50  21   51.051
 50  22   50.464
 50  23   49.757
 50  24   48.671
 50  25   47.408
 50  26   46.671
 50  27   45.656
 50  28   45.204
 50  29   44.779
 50  30   44.440
 50  31   43.744
 50  32   43.361
 50  33   43.458
 50  34   45.885
 50  35   48.246
 50  36   50.184
 50  37   55.549
 50  38   61.613
 50  39   65.400
 50  40   71.706
 50  41   73.522
 50  42   81.531
 50  43   88.925
 50  44   95.860
 50  45  103.253
 50  46  110.501
 50  47  120.201
 50  48  128.167
 50  49  137.234
 50  50  154.971
 50  51  176.475
