# column 1: No. of Structured Blocks
# column 2: Free Energy (kJ/mol)
  1   27.769
  2   22.370
  3   21.074
  4   20.299
  5   20.517
  6   20.134
  7   20.122
  8   20.216
  9   20.819
 10   21.791
 11   22.532
 12   22.866
 13   22.674
 14   22.611
 15   22.279
 16   22.191
 17   22.296
 18   22.598
 19   23.023
 20   23.729
 21   24.251
 22   24.805
 23   25.196
 24   25.812
 25   26.400
 26   24.863
 27   25.367
 28   23.533
 29   23.245
 30   22.610
 31   22.415
 32   22.469
 33   22.189
 34   21.790
 35   19.116
 36   14.483
 37   16.574
 38   13.548
 39   13.390
 40   12.602
 41   13.118
 42   12.995
 43   13.221
 44   13.647
 45   14.310
 46   14.856
 47   15.410
 48   15.326
 49   15.131
 50   13.315
 51   12.010
 52    9.857
 53   11.010
 54   10.734
 55   10.562
 56   10.060
 57   10.626
 58   11.013
 59   11.363
 60   12.125
 61   11.961
 62   12.011
 63   12.437
 64   12.515
 65   12.287
 66   12.782
 67   12.290
 68   11.106
 69    9.627
 70    8.749
 71   10.213
 72    9.451
 73    8.759
 74    7.538
 75    5.535
 76    4.433
 77    5.921
 78    6.847
 79    8.732
 80   11.799
 81   14.328
 82   18.746
 83   24.391
 84   28.743
 85   34.090
 86   37.527
 87   43.103
 88   50.562
 89   57.290
 90   64.620
 91   71.291
 92   79.112
 93   87.138
 94   94.581
 95  102.619
 96  110.563
 97  120.007
 98  128.523
 99  137.841
100  155.648
101  177.272
