# column 1: No. of Structured Blocks in N-terminal half
# column 2: No. of Structured Blocks in C-terminal half
# column 3: Free Energy (kJ/mol)
  0   0      inf
  0   1   52.162
  0   2   49.399
  0   3   47.659
  0   4   46.728
  0   5   47.613
  0   6   48.420
  0   7   49.253
  0   8   50.590
  0   9   51.948
  0  10   53.247
  0  11   54.717
  0  12   56.295
  0  13   57.864
  0  14   59.426
  0  15   60.976
  0  16   62.288
  0  17   63.264
  0  18   63.921
  0  19   64.348
  0  20   64.715
  0  21   65.271
  0  22   65.989
  0  23   66.801
  0  24   68.159
  0  25   69.547
  0  26   70.694
  0  27   71.671
  0  28   72.278
  0  29   72.321
  0  30   72.126
  0  31   72.159
  0  32   72.411
  0  33   73.498
  0  34   75.929
  0  35   78.267
  0  36   80.965
  0  37   86.392
  0  38   92.118
  0  39   96.194
  0  40  101.616
  0  41  104.375
  0  42  112.356
  0  43  119.723
  0  44  126.685
  0  45  134.069
  0  46  141.427
  0  47  151.084
  0  48  159.208
  0  49  168.351
  0  50  186.104
  0  51  207.634
  1   0   27.769
  1   1   24.178
  1   2   24.033
  1   3   22.853
  1   4   24.944
  1   5   26.407
  1   6   27.035
  1   7   29.277
  1   8   31.381
  1   9   33.011
  1  10   35.353
  1  11   37.840
  1  12   39.936
  1  13   41.711
  1  14   43.290
  1  15   43.626
  1  16   43.552
  1  17   43.643
  1  18   44.348
  1  19   45.945
  1  20   47.025
  1  21   45.269
  1  22   44.470
  1  23   46.169
  1  24   47.770
  1  25   49.183
  1  26   51.210
  1  27   51.811
  1  28   52.679
  1  29   53.025
  1  30   49.729
  1  31   47.827
  1  32   48.334
  1  33   50.931
  1  34   52.665
  1  35   54.910
  1  36   60.940
  1  37   67.234
  1  38   70.679
  1  39   76.082
  1  40   77.676
  1  41   87.276
  1  42  105.789
  1  43  108.057
  1  44  124.356
  1  45  131.147
  1  46  137.175
  1  47  144.323
  1  48  148.007
  1  49  158.730
  1  50  160.832
  1  51  179.645
  2   0   24.136
  2   1   24.102
  2   2   23.963
  2   3   22.795
  2   4   24.892
  2   5   26.343
  2   6   26.973
  2   7   29.213
  2   8   31.318
  2   9   32.948
  2  10   35.285
  2  11   37.762
  2  12   39.846
  2  13   41.583
  2  14   43.136
  2  15   43.447
  2  16   43.438
  2  17   43.214
  2  18   43.475
  2  19   44.954
  2  20   46.237
  2  21   44.974
  2  22   44.245
  2  23   45.841
  2  24   47.305
  2  25   48.501
  2  26   50.377
  2  27   50.552
  2  28   51.339
  2  29   52.145
  2  30   49.385
  2  31   47.003
  2  32   46.851
  2  33   49.396
  2  34   51.269
  2  35   53.112
  2  36   58.536
  2  37   64.734
  2  38   68.603
  2  39   74.207
  2  40   75.829
  2  41   83.618
  2  42   93.267
  2  43  100.418
  2  44  107.620
  2  45  115.010
  2  46  122.264
  2  47  131.954
  2  48  139.855
  2  49  149.049
  2  50  158.965
  2  51  177.855
  3   0   23.611
  3   1   25.078
  3   2   24.944
  3   3   21.466
  3   4   25.106
  3   5   24.139
  3   6   25.361
  3   7   27.418
  3   8   30.650
  3   9   33.216
  3  10   36.083
  3  11   38.666
  3  12   39.423
  3  13   37.168
  3  14   37.528
  3  15   36.787
  3  16   38.697
  3  17   33.643
  3  18   32.127
  3  19   29.125
  3  20   31.713
  3  21   35.051
  3  22   38.002
  3  23   35.934
  3  24   35.234
  3  25   34.884
  3  26   37.386
  3  27   35.104
  3  28   36.051
  3  29   40.369
  3  30   41.661
  3  31   31.593
  3  32   29.956
  3  33   32.868
  3  34   34.826
  3  35   35.962
  3  36   41.924
  3  37   48.821
  3  38   51.654
  3  39   59.023
  3  40   58.532
  3  41   68.068
  3  42   88.394
  3  43   88.872
  3  44  106.409
  3  45  113.042
  3  46  118.587
  3  47  126.080
  3  48  128.850
  3  49  141.283
  3  50  141.623
  3  51  160.433
  4   0   24.076
  4   1   27.503
  4   2   27.378
  4   3   22.036
  4   4   26.563
  4   5   24.457
  4   6   25.837
  4   7   27.840
  4   8   31.499
  4   9   34.714
  4  10   38.199
  4  11   40.933
  4  12   40.393
  4  13   37.164
  4  14   37.444
  4  15   36.659
  4  16   38.668
  4  17   33.456
  4  18   31.927
  4  19   28.914
  4  20   31.503
  4  21   34.861
  4  22   37.886
  4  23   35.743
  4  24   35.030
  4  25   34.676
  4  26   37.179
  4  27   34.894
  4  28   35.840
  4  29   40.165
  4  30   41.500
  4  31   31.383
  4  32   29.744
  4  33   32.656
  4  34   34.615
  4  35   35.750
  4  36   41.712
  4  37   48.609
  4  38   51.442
  4  39   58.812
  4  40   58.320
  4  41   67.856
  4  42   88.208
  4  43   88.661
  4  44  106.305
  4  45  112.910
  4  46  118.416
  4  47  125.885
  4  48  128.640
  4  49  141.079
  4  50  141.410
  4  51  160.221
  5   0   25.217
  5   1   30.760
  5   2   30.645
  5   3   23.282
  5   4   28.411
  5   5   25.584
  5   6   27.036
  5   7   29.014
  5   8   32.898
  5   9   36.598
  5  10   40.830
  5  11   43.819
  5  12   41.866
  5  13   38.161
  5  14   38.413
  5  15   37.612
  5  16   39.657
  5  17   34.390
  5  18   32.856
  5  19   29.838
  5  20   32.427
  5  21   35.792
  5  22   38.841
  5  23   36.674
  5  24   35.957
  5  25   35.601
  5  26   38.104
  5  27   35.818
  5  28   36.764
  5  29   41.091
  5  30   42.441
  5  31   32.307
  5  32   30.668
  5  33   33.580
  5  34   35.538
  5  35   36.673
  5  36   42.636
  5  37   49.533
  5  38   52.366
  5  39   59.736
  5  40   59.244
  5  41   68.780
  5  42   89.132
  5  43   89.585
  5  44  107.227
  5  45  113.833
  5  46  119.339
  5  47  126.809
  5  48  129.564
  5  49  142.003
  5  50  142.334
  5  51  161.145
  6   0   26.596
  6   1   34.302
  6   2   34.194
  6   3   25.658
  6   4   31.000
  6   5   27.924
  6   6   29.397
  6   7   31.367
  6   8   35.322
  6   9   39.203
  6  10   43.833
  6  11   47.007
  6  12   44.315
  6  13   40.465
  6  14   40.709
  6  15   39.905
  6  16   41.958
  6  17   36.677
  6  18   35.141
  6  19   32.121
  6  20   34.711
  6  21   38.077
  6  22   41.133
  6  23   38.958
  6  24   38.240
  6  25   37.884
  6  26   40.388
  6  27   38.101
  6  28   39.048
  6  29   43.375
  6  30   44.728
  6  31   34.590
  6  32   32.951
  6  33   35.863
  6  34   37.821
  6  35   38.956
  6  36   44.919
  6  37   51.816
  6  38   54.649
  6  39   62.019
  6  40   61.527
  6  41   71.063
  6  42   91.415
  6  43   91.868
  6  44  109.511
  6  45  116.116
  6  46  121.622
  6  47  129.092
  6  48  131.847
  6  49  144.286
  6  50  144.617
  6  51  163.428
  7   0   24.262
  7   1   38.007
  7   2   37.902
  7   3   28.739
  7   4   34.155
  7   5   30.981
  7   6   32.462
  7   7   34.430
  7   8   38.410
  7   9   42.364
  7  10   47.182
  7  11   50.458
  7  12   47.413
  7  13   43.509
  7  14   43.751
  7  15   42.945
  7  16   45.002
  7  17   39.715
  7  18   38.179
  7  19   35.144
  7  20   37.734
  7  21   41.100
  7  22   44.156
  7  23   41.978
  7  24   41.260
  7  25   40.904
  7  26   43.407
  7  27   41.121
  7  28   42.068
  7  29   46.396
  7  30   47.750
  7  31   37.610
  7  32   35.971
  7  33   38.883
  7  34   40.842
  7  35   41.977
  7  36   47.940
  7  37   54.836
  7  38   57.669
  7  39   65.039
  7  40   64.547
  7  41   74.083
  7  42   94.434
  7  43   94.888
  7  44  112.524
  7  45  119.131
  7  46  124.640
  7  47  132.111
  7  48  134.867
  7  49  147.306
  7  50  147.638
  7  51  166.448
  8   0   23.459
  8   1   40.786
  8   2   40.596
  8   3   30.100
  8   4   35.517
  8   5   32.205
  8   6   33.696
  8   7   35.660
  8   8   39.678
  8   9   43.740
  8  10   48.875
  8  11   52.348
  8  12   48.688
  8  13   44.714
  8  14   44.952
  8  15   44.144
  8  16   46.196
  8  17   40.907
  8  18   39.370
  8  19   36.182
  8  20   38.773
  8  21   42.144
  8  22   45.170
  8  23   42.977
  8  24   42.258
  8  25   41.903
  8  26   44.404
  8  27   42.132
  8  28   43.080
  8  29   47.407
  8  30   48.716
  8  31   38.621
  8  32   36.983
  8  33   39.895
  8  34   41.853
  8  35   42.989
  8  36   48.951
  8  37   55.848
  8  38   58.681
  8  39   66.050
  8  40   65.559
  8  41   75.095
  8  42   95.444
  8  43   95.900
  8  44  113.535
  8  45  120.143
  8  46  125.651
  8  47  133.123
  8  48  135.879
  8  49  148.317
  8  50  148.649
  8  51  167.460
  9   0   23.739
  9   1   42.951
  9   2   41.986
  9   3   32.404
  9   4   33.102
  9   5   31.935
  9   6   31.059
  9   7   31.986
  9   8   32.192
  9   9   32.850
  9  10   34.127
  9  11   35.444
  9  12   36.912
  9  13   38.549
  9  14   40.230
  9  15   41.506
  9  16   42.197
  9  17   41.090
  9  18   39.779
  9  19   37.654
  9  20   37.873
  9  21   37.797
  9  22   37.290
  9  23   38.125
  9  24   39.063
  9  25   39.598
  9  26   40.401
  9  27   40.572
  9  28   40.968
  9  29   41.650
  9  30   41.071
  9  31   39.303
  9  32   38.439
  9  33   39.891
  9  34   42.150
  9  35   43.995
  9  36   47.296
  9  37   52.877
  9  38   58.306
  9  39   62.712
  9  40   66.937
  9  41   70.840
  9  42   79.031
  9  43   86.405
  9  44   93.361
  9  45  100.752
  9  46  108.012
  9  47  117.722
  9  48  125.793
  9  49  134.871
  9  50  150.132
  9  51  169.676
 10   0   24.766
 10   1   28.011
 10   2   27.864
 10   3   26.512
 10   4   28.566
 10   5   29.632
 10   6   29.948
 10   7   31.747
 10   8   32.958
 10   9   33.993
 10  10   35.581
 10  11   37.142
 10  12   38.703
 10  13   40.318
 10  14   41.951
 10  15   42.987
 10  16   43.590
 10  17   42.329
 10  18   41.172
 10  19   38.871
 10  20   39.614
 10  21   39.798
 10  22   39.364
 10  23   40.157
 10  24   41.024
 10  25   41.502
 10  26   42.434
 10  27   42.412
 10  28   42.870
 10  29   43.751
 10  30   43.179
 10  31   40.724
 10  32   39.663
 10  33   41.487
 10  34   43.679
 10  35   45.355
 10  36   49.156
 10  37   54.862
 10  38   59.977
 10  39   64.720
 10  40   68.190
 10  41   72.903
 10  42   81.215
 10  43   88.574
 10  44   95.547
 10  45  102.937
 10  46  110.197
 10  47  119.906
 10  48  127.966
 10  49  137.053
 10  50  151.353
 10  51  170.645
 11   0   25.439
 11   1   26.746
 11   2   26.604
 11   3   25.361
 11   4   27.487
 11   5   28.813
 11   6   29.419
 11   7   31.577
 11   8   33.525
 11   9   35.013
 11  10   37.115
 11  11   39.228
 11  12   41.054
 11  13   42.605
 11  14   44.103
 11  15   44.582
 11  16   45.013
 11  17   43.511
 11  18   42.618
 11  19   40.195
 11  20   41.963
 11  21   42.977
 11  22   42.856
 11  23   43.476
 11  24   44.072
 11  25   44.349
 11  26   45.781
 11  27   45.061
 11  28   45.723
 11  29   47.421
 11  30   46.855
 11  31   42.389
 11  32   41.017
 11  33   43.503
 11  34   45.557
 11  35   46.922
 11  36   51.873
 11  37   58.018
 11  38   62.170
 11  39   67.967
 11  40   69.589
 11  41   76.393
 11  42   85.363
 11  43   92.628
 11  44   99.700
 11  45  107.090
 11  46  114.347
 11  47  124.051
 11  48  132.040
 11  49  141.185
 11  50  152.705
 11  51  171.668
 12   0   25.773
 12   1   27.174
 12   2   27.037
 12   3   24.419
 12   4   27.531
 12   5   27.293
 12   6   28.368
 12   7   30.458
 12   8   33.311
 12   9   35.456
 12  10   37.980
 12  11   40.357
 12  12   41.683
 12  13   40.534
 12  14   41.043
 12  15   40.405
 12  16   42.168
 12  17   37.366
 12  18   35.871
 12  19   32.882
 12  20   35.453
 12  21   38.701
 12  22   41.326
 12  23   39.560
 12  24   38.929
 12  25   38.603
 12  26   41.064
 12  27   38.837
 12  28   39.777
 12  29   43.968
 12  30   45.052
 12  31   35.344
 12  32   33.712
 12  33   36.616
 12  34   38.576
 12  35   39.716
 12  36   45.658
 12  37   52.532
 12  38   55.400
 12  39   62.725
 12  40   62.288
 12  41   71.745
 12  42   88.065
 12  43   92.025
 12  44  102.831
 12  45  110.171
 12  46  117.251
 12  47  126.517
 12  48  131.867
 12  49  142.962
 12  50  145.379
 12  51  164.192
 13   0   26.294
 13   1   27.971
 13   2   27.836
 13   3   24.092
 13   4   27.875
 13   5   26.714
 13   6   27.966
 13   7   30.012
 13   8   33.315
 13   9   35.971
 13  10   38.897
 13  11   41.473
 13  12   42.073
 13  13   39.665
 13  14   40.011
 13  15   39.263
 13  16   41.195
 13  17   36.107
 13  18   34.588
 13  19   31.580
 13  20   34.167
 13  21   37.508
 13  22   40.464
 13  23   38.388
 13  24   37.688
 13  25   37.338
 13  26   39.838
 13  27   37.558
 13  28   38.504
 13  29   42.818
 13  30   44.113
 13  31   34.047
 13  32   32.410
 13  33   35.321
 13  34   37.280
 13  35   38.415
 13  36   44.377
 13  37   51.273
 13  38   54.107
 13  39   61.474
 13  40   60.986
 13  41   70.518
 13  42   90.453
 13  43   91.297
 13  44  107.508
 13  45  114.424
 13  46  120.435
 13  47  128.260
 13  48  131.268
 13  49  143.605
 13  50  144.076
 13  51  162.887
 14   0   26.974
 14   1   28.599
 14   2   28.463
 14   3   24.549
 14   4   28.422
 14   5   27.143
 14   6   28.414
 14   7   30.451
 14   8   33.803
 14   9   36.531
 14  10   39.525
 14  11   42.130
 14  12   42.602
 14  13   40.051
 14  14   40.381
 14  15   39.625
 14  16   41.570
 14  17   36.459
 14  18   34.939
 14  19   31.930
 14  20   34.518
 14  21   37.863
 14  22   40.837
 14  23   38.744
 14  24   38.040
 14  25   37.689
 14  26   40.191
 14  27   37.908
 14  28   38.853
 14  29   43.173
 14  30   44.478
 14  31   34.395
 14  32   32.757
 14  33   35.669
 14  34   37.627
 14  35   38.763
 14  36   44.725
 14  37   51.621
 14  38   54.455
 14  39   61.824
 14  40   61.333
 14  41   70.868
 14  42   91.105
 14  43   91.666
 14  44  108.852
 14  45  115.572
 14  46  121.245
 14  47  128.820
 14  48  131.643
 14  49  144.055
 14  50  144.424
 14  51  163.234
 15   0   27.611
 15   1   29.382
 15   2   29.247
 15   3   25.252
 15   4   29.163
 15   5   27.824
 15   6   29.101
 15   7   31.128
 15   8   34.491
 15   9   37.254
 15  10   40.277
 15  11   42.880
 15  12   43.290
 15  13   40.678
 15  14   40.990
 15  15   40.228
 15  16   42.181
 15  17   37.057
 15  18   35.535
 15  19   32.510
 15  20   35.098
 15  21   38.445
 15  22   41.419
 15  23   39.320
 15  24   38.616
 15  25   38.265
 15  26   40.765
 15  27   38.480
 15  28   39.419
 15  29   43.738
 15  30   45.040
 15  31   34.957
 15  32   33.320
 15  33   36.232
 15  34   38.190
 15  35   39.326
 15  36   45.288
 15  37   52.184
 15  38   55.018
 15  39   62.386
 15  40   61.896
 15  41   71.430
 15  42   91.556
 15  43   92.221
 15  44  109.018
 15  45  115.823
 15  46  121.635
 15  47  129.306
 15  48  132.196
 15  49  144.581
 15  50  144.986
 15  51  163.797
 16   0   28.338
 16   1   29.352
 16   2   29.214
 16   3   25.618
 16   4   29.313
 16   5   28.256
 16   6   29.486
 16   7   31.514
 16   8   34.752
 16   9   37.385
 16  10   40.311
 16  11   42.906
 16  12   43.553
 16  13   41.140
 16  14   41.444
 16  15   40.684
 16  16   42.608
 16  17   37.520
 16  18   36.001
 16  19   32.962
 16  20   35.550
 16  21   38.894
 16  22   41.854
 16  23   39.767
 16  24   39.064
 16  25   38.713
 16  26   41.211
 16  27   38.917
 16  28   39.844
 16  29   44.163
 16  30   45.450
 16  31   35.373
 16  32   33.736
 16  33   36.648
 16  34   38.607
 16  35   39.742
 16  36   45.705
 16  37   52.601
 16  38   55.434
 16  39   62.803
 16  40   62.312
 16  41   71.848
 16  42   92.137
 16  43   92.649
 16  44  110.035
 16  45  116.706
 16  46  122.307
 16  47  129.835
 16  48  132.627
 16  49  145.051
 16  50  145.403
 16  51  164.213
 17   0   28.980
 17   1   31.919
 17   2   31.793
 17   3   26.892
 17   4   31.231
 17   5   29.329
 17   6   30.632
 17   7   32.456
 17   8   35.780
 17   9   38.978
 17  10   42.541
 17  11   45.296
 17  12   44.798
 17  13   41.378
 17  14   41.459
 17  15   40.638
 17  16   42.611
 17  17   37.365
 17  18   35.834
 17  19   32.725
 17  20   35.315
 17  21   38.677
 17  22   41.690
 17  23   39.532
 17  24   38.815
 17  25   38.446
 17  26   40.920
 17  27   38.594
 17  28   39.455
 17  29   43.780
 17  30   45.032
 17  31   34.939
 17  32   33.304
 17  33   36.216
 17  34   38.175
 17  35   39.310
 17  36   45.272
 17  37   52.169
 17  38   55.002
 17  39   62.371
 17  40   61.880
 17  41   71.416
 17  42   91.757
 17  43   92.220
 17  44  109.819
 17  45  116.436
 17  46  121.958
 17  47  129.438
 17  48  132.199
 17  49  144.635
 17  50  144.970
 17  51  163.781
 18   0   30.424
 18   1   33.766
 18   2   33.632
 18   3   27.269
 18   4   31.799
 18   5   29.423
 18   6   30.430
 18   7   31.924
 18   8   33.977
 18   9   35.337
 18  10   36.460
 18  11   37.609
 18  12   38.826
 18  13   39.004
 18  14   39.561
 18  15   39.244
 18  16   40.333
 18  17   36.228
 18  18   34.698
 18  19   31.743
 18  20   33.773
 18  21   35.474
 18  22   35.759
 18  23   35.976
 18  24   36.253
 18  25   36.295
 18  26   37.865
 18  27   36.621
 18  28   37.268
 18  29   39.610
 18  30   39.386
 18  31   33.452
 18  32   31.931
 18  33   34.575
 18  34   36.599
 18  35   37.864
 18  36   43.143
 18  37   49.485
 18  38   53.267
 18  39   59.506
 18  40   60.491
 18  41   68.028
 18  42   77.485
 18  43   84.666
 18  44   91.827
 18  45   99.217
 18  46  106.472
 18  47  116.169
 18  48  124.095
 18  49  133.281
 18  50  143.597
 18  51  162.501
 19   0   31.878
 19   1   36.949
 19   2   36.810
 19   3   29.561
 19   4   33.825
 19   5   31.380
 19   6   31.998
 19   7   33.079
 19   8   34.249
 19   9   34.989
 19  10   35.782
 19  11   36.856
 19  12   38.123
 19  13   38.867
 19  14   39.631
 19  15   39.473
 19  16   39.907
 19  17   36.397
 19  18   34.851
 19  19   32.012
 19  20   33.547
 19  21   34.487
 19  22   34.335
 19  23   34.896
 19  24   35.476
 19  25   35.683
 19  26   36.888
 19  27   36.086
 19  28   36.616
 19  29   38.293
 19  30   37.782
 19  31   33.196
 19  32   31.776
 19  33   34.176
 19  34   36.255
 19  35   37.636
 19  36   42.402
 19  37   48.463
 19  38   52.792
 19  39   58.409
 19  40   60.319
 19  41   66.752
 19  42   75.548
 19  43   82.840
 19  44   89.884
 19  45   97.274
 19  46  104.532
 19  47  114.236
 19  48  122.246
 19  49  131.362
 19  50  143.440
 19  51  162.441
 20   0   33.561
 20   1   40.655
 20   2   40.501
 20   3   30.938
 20   4   35.538
 20   5   32.414
 20   6   32.893
 20   7   33.543
 20   8   35.094
 20   9   36.551
 20  10   37.623
 20  11   38.716
 20  12   39.859
 20  13   39.727
 20  14   39.900
 20  15   39.109
 20  16   39.849
 20  17   34.988
 20  18   33.433
 20  19   30.289
 20  20   32.474
 20  21   34.505
 20  22   35.050
 20  23   35.034
 20  24   35.064
 20  25   34.848
 20  26   36.490
 20  27   34.766
 20  28   35.399
 20  29   38.239
 20  30   38.115
 20  31   31.231
 20  32   29.668
 20  33   32.406
 20  34   34.407
 20  35   35.626
 20  36   41.129
 20  37   47.624
 20  38   51.129
 20  39   57.690
 20  40   58.233
 20  41   66.328
 20  42   76.371
 20  43   83.432
 20  44   90.721
 20  45   98.110
 20  46  105.361
 20  47  115.051
 20  48  122.886
 20  49  132.146
 20  50  141.333
 20  51  160.203
 21   0   35.083
 21   1   43.322
 21   2   42.867
 21   3   30.759
 21   4   34.654
 21   5   31.352
 21   6   31.289
 21   7   31.496
 21   8   32.758
 21   9   34.154
 21  10   35.177
 21  11   36.253
 21  12   37.413
 21  13   37.338
 21  14   37.471
 21  15   36.612
 21  16   37.195
 21  17   32.217
 21  18   30.639
 21  19   27.507
 21  20   29.584
 21  21   31.378
 21  22   31.720
 21  23   31.855
 21  24   31.901
 21  25   31.704
 21  26   33.247
 21  27   31.617
 21  28   32.200
 21  29   34.744
 21  30   34.440
 21  31   28.116
 21  32   26.578
 21  33   29.252
 21  34   31.269
 21  35   32.518
 21  36   37.869
 21  37   44.257
 21  38   47.953
 21  39   54.292
 21  40   55.138
 21  41   62.846
 21  42   72.457
 21  43   79.608
 21  44   86.801
 21  45   94.190
 21  46  101.444
 21  47  111.140
 21  48  119.044
 21  49  128.248
 21  50  138.242
 21  51  157.135
 22   0   36.437
 22   1   41.945
 22   2   41.285
 22   3   30.580
 22   4   32.678
 22   5   30.318
 22   6   29.640
 22   7   29.770
 22   8   30.121
 22   9   30.671
 22  10   31.344
 22  11   32.377
 22  12   33.663
 22  13   34.538
 22  14   35.251
 22  15   34.981
 22  16   34.865
 22  17   31.146
 22  18   29.471
 22  19   26.658
 22  20   27.753
 22  21   28.246
 22  22   27.906
 22  23   28.593
 22  24   29.264
 22  25   29.489
 22  26   30.418
 22  27   29.761
 22  28   30.085
 22  29   31.174
 22  30   30.410
 22  31   26.977
 22  32   25.703
 22  33   27.750
 22  34   29.901
 22  35   31.447
 22  36   35.589
 22  37   41.403
 22  38   46.268
 22  39   51.293
 22  40   54.218
 22  41   59.507
 22  42   67.939
 22  43   75.282
 22  44   82.271
 22  45   89.662
 22  46   96.921
 22  47  106.629
 22  48  114.677
 22  49  123.761
 22  50  137.362
 22  51  156.529
 23   0   35.721
 23   1   41.043
 23   2   40.273
 23   3   26.292
 23   4   30.553
 23   5   26.782
 23   6   26.804
 23   7   26.946
 23   8   28.721
 23   9   31.109
 23  10   32.857
 23  11   34.047
 23  12   34.895
 23  13   33.441
 23  14   33.113
 23  15   31.925
 23  16   32.826
 23  17   27.264
 23  18   25.709
 23  19   22.464
 23  20   24.862
 23  21   27.481
 23  22   28.696
 23  23   28.076
 23  24   27.584
 23  25   27.119
 23  26   28.962
 23  27   26.809
 23  28   27.461
 23  29   30.812
 23  30   30.933
 23  31   23.086
 23  32   21.495
 23  33   24.306
 23  34   26.290
 23  35   27.473
 23  36   33.164
 23  37   39.806
 23  38   43.056
 23  39   49.919
 23  40   50.064
 23  41   58.688
 23  42   69.645
 23  43   76.472
 23  44   84.011
 23  45   91.398
 23  46   98.643
 23  47  108.315
 23  48  115.970
 23  49  125.378
 23  50  133.160
 23  51  152.004
 24   0   34.920
 24   1   40.369
 24   2   38.546
 24   3   30.599
 24   4   28.222
 24   5   27.270
 24   6   25.649
 24   7   25.740
 24   8   25.243
 24   9   25.343
 24  10   25.884
 24  11   26.902
 24  12   28.232
 24  13   29.556
 24  14   30.713
 24  15   31.157
 24  16   30.262
 24  17   28.609
 24  18   26.663
 24  19   24.998
 24  20   23.730
 24  21   23.155
 24  22   22.521
 24  23   23.435
 24  24   24.466
 24  25   25.041
 24  26   25.531
 24  27   25.753
 24  28   25.807
 24  29   25.979
 24  30   25.057
 24  31   24.308
 24  32   23.934
 24  33   24.299
 24  34   26.701
 24  35   28.978
 24  36   31.175
 24  37   36.569
 24  38   42.527
 24  39   46.376
 24  40   52.262
 24  41   54.420
 24  42   62.457
 24  43   69.850
 24  44   76.786
 24  45   84.177
 24  46   91.437
 24  47  101.148
 24  48  109.233
 24  49  118.286
 24  50  135.573
 24  51  156.393
 25   0   32.393
 25   1   38.574
 25   2   38.356
 25   3   28.624
 25   4   32.700
 25   5   29.145
 25   6   29.142
 25   7   29.294
 25   8   30.970
 25   9   33.133
 25  10   34.678
 25  11   35.834
 25  12   36.781
 25  13   35.663
 25  14   35.419
 25  15   34.281
 25  16   35.131
 25  17   29.652
 25  18   28.094
 25  19   24.855
 25  20   27.203
 25  21   29.667
 25  22   30.660
 25  23   30.226
 25  24   29.841
 25  25   29.422
 25  26   31.203
 25  27   29.142
 25  28   29.778
 25  29   32.943
 25  30   32.955
 25  31   25.457
 25  32   23.875
 25  33   26.661
 25  34   28.650
 25  35   29.846
 25  36   35.469
 25  37   42.057
 25  38   45.400
 25  39   52.152
 25  40   52.442
 25  41   60.869
 25  42   71.423
 25  43   78.361
 25  44   85.781
 25  45   93.169
 25  46  100.418
 25  47  110.098
 25  48  117.838
 25  49  127.177
 25  50  135.539
 25  51  154.392
 26   0   31.478
 26   1   30.884
 26   2   30.729
 26   3   28.667
 26   4   30.185
 26   5   29.800
 26   6   29.059
 26   7   29.413
 26   8   29.413
 26   9   29.724
 26  10   30.338
 26  11   31.374
 26  12   32.692
 26  13   33.847
 26  14   34.819
 26  15   34.921
 26  16   34.397
 26  17   31.630
 26  18   29.855
 26  19   27.411
 26  20   27.590
 26  21   27.495
 26  22   26.973
 26  23   27.798
 26  24   28.676
 26  25   29.091
 26  26   29.779
 26  27   29.586
 26  28   29.776
 26  29   30.356
 26  30   29.496
 26  31   27.365
 26  32   26.380
 26  33   27.830
 26  34   30.085
 26  35   31.904
 26  36   35.209
 26  37   40.794
 26  38   46.218
 26  39   50.637
 26  40   54.839
 26  41   58.753
 26  42   66.945
 26  43   74.319
 26  44   81.276
 26  45   88.666
 26  46   95.926
 26  47  105.636
 26  48  113.707
 26  49  122.772
 26  50  138.032
 26  51  157.571
 27   0   29.860
 27   1   30.822
 27   2   30.683
 27   3   28.535
 27   4   31.179
 27   5   30.772
 27   6   31.086
 27   7   31.846
 27   8   33.776
 27   9   36.182
 27  10   38.280
 27  11   39.765
 27  12   40.649
 27  13   38.990
 27  14   38.623
 27  15   37.403
 27  16   38.365
 27  17   32.730
 27  18   31.182
 27  19   27.911
 27  20   30.355
 27  21   33.129
 27  22   34.567
 27  23   33.694
 27  24   33.081
 27  25   32.565
 27  26   34.457
 27  27   32.221
 27  28   32.884
 27  29   36.393
 27  30   36.654
 27  31   28.467
 27  32   26.867
 27  33   29.699
 27  34   31.677
 27  35   32.851
 27  36   38.593
 27  37   45.281
 27  38   48.454
 27  39   55.409
 27  40   55.437
 27  41   64.220
 27  42   75.584
 27  43   82.285
 27  44   89.958
 27  45   97.344
 27  46  104.586
 27  47  114.248
 27  48  121.806
 27  49  131.293
 27  50  138.532
 27  51  157.369
 28   0   30.055
 28   1   29.076
 28   2   28.933
 28   3   26.024
 28   4   29.126
 28   5   28.176
 28   6   28.664
 28   7   29.518
 28   8   31.427
 28   9   33.536
 28  10   35.219
 28  11   36.526
 28  12   37.535
 28  13   36.495
 28  14   36.316
 28  15   35.214
 28  16   36.078
 28  17   30.645
 28  18   29.088
 28  19   25.836
 28  20   28.176
 28  21   30.616
 28  22   31.563
 28  23   31.081
 28  24   30.688
 28  25   30.254
 28  26   31.971
 28  27   30.002
 28  28   30.632
 28  29   33.741
 28  30   33.706
 28  31   26.327
 28  32   24.748
 28  33   27.525
 28  34   29.517
 28  35   30.717
 28  36   36.317
 28  37   42.887
 28  38   46.262
 28  39   52.976
 28  40   53.315
 28  41   61.677
 28  42   72.119
 28  43   79.085
 28  44   86.475
 28  45   93.863
 28  46  101.112
 28  47  110.795
 28  48  118.558
 28  49  127.878
 28  50  136.413
 28  51  155.269
 29   0   30.181
 29   1   31.154
 29   2   31.011
 29   3   26.869
 29   4   29.694
 29   5   28.128
 29   6   27.953
 29   7   28.405
 29   8   28.871
 29   9   29.413
 29  10   30.093
 29  11   31.135
 29  12   32.426
 29  13   33.339
 29  14   34.103
 29  15   33.898
 29  16   33.727
 29  17   30.161
 29  18   28.470
 29  19   25.681
 29  20   26.649
 29  21   27.035
 29  22   26.646
 29  23   27.339
 29  24   28.015
 29  25   28.163
 29  26   28.839
 29  27   28.661
 29  28   28.921
 29  29   29.794
 29  30   28.980
 29  31   26.048
 29  32   24.865
 29  33   26.716
 29  34   28.903
 29  35   30.541
 29  36   34.381
 29  37   40.102
 29  38   45.187
 29  39   49.972
 29  40   53.363
 29  41   58.144
 29  42   66.470
 29  43   73.827
 29  44   80.801
 29  45   88.192
 29  46   95.451
 29  47  105.160
 29  48  113.219
 29  49  122.294
 29  50  136.523
 29  51  155.798
 30   0   31.103
 30   1   34.728
 30   2   34.559
 30   3   25.664
 30   4   29.830
 30   5   26.743
 30   6   26.923
 30   7   27.326
 30   8   28.612
 30   9   29.906
 30  10   30.877
 30  11   31.949
 30  12   33.127
 30  13   33.182
 30  14   33.397
 30  15   32.599
 30  16   33.095
 30  17   28.242
 30  18   26.650
 30  19   23.512
 30  20   25.478
 30  21   27.054
 30  22   27.224
 30  23   27.429
 30  24   27.526
 30  25   26.888
 30  26   27.156
 30  27   29.980
 30  28   30.079
 30  29   30.541
 30  30   29.622
 30  31   27.641
 30  32   26.700
 30  33   28.043
 30  34   30.316
 30  35   32.181
 30  36   35.355
 30  37   40.913
 30  38   46.411
 30  39   50.751
 30  40   55.147
 30  41   58.855
 30  42   67.022
 30  43   74.400
 30  44   81.353
 30  45   88.744
 30  46   96.003
 30  47  105.714
 30  48  113.787
 30  49  122.850
 30  50  138.350
 30  51  157.973
 31   0   29.111
 31   1   36.699
 31   2   36.259
 31   3   24.382
 31   4   27.948
 31   5   24.796
 31   6   24.612
 31   7   24.794
 31   8   25.870
 31   9   27.046
 31  10   27.962
 31  11   29.024
 31  12   30.220
 31  13   30.379
 31  14   30.620
 31  15   29.846
 31  16   30.289
 31  17   25.487
 31  18   23.891
 31  19   20.840
 31  20   22.746
 31  21   24.218
 31  22   24.323
 31  23   24.587
 31  24   24.728
 31  25   24.108
 31  26   24.341
 31  27   27.176
 31  28   27.175
 31  29   28.012
 31  30   29.510
 31  31   26.576
 31  32   25.321
 31  33   28.087
 31  34   30.110
 31  35   31.367
 31  36   36.895
 31  37   43.387
 31  38   46.877
 31  39   53.427
 31  40   53.979
 31  41   62.138
 31  42   72.265
 31  43   79.307
 31  44   86.616
 31  45   94.005
 31  46  101.256
 31  47  110.944
 31  48  118.765
 31  49  128.048
 31  50  137.080
 31  51  155.947
 32   0   29.802
 32   1   31.558
 32   2   31.308
 32   3   19.934
 32   4   24.154
 32   5   20.450
 32   6   20.474
 32   7   20.627
 32   8   22.400
 32   9   24.770
 32  10   26.506
 32  11   27.695
 32  12   28.518
 32  13   26.994
 32  14   26.652
 32  15   25.454
 32  16   26.376
 32  17   20.783
 32  18   19.230
 32  19   15.967
 32  20   18.372
 32  21   21.016
 32  22   22.254
 32  23   21.510
 32  24   20.932
 32  25   19.796
 32  26   19.963
 32  27   25.159
 32  28   24.729
 32  29   26.371
 32  30   27.764
 32  31   21.921
 32  32   20.389
 32  33   23.247
 32  34   25.226
 32  35   26.399
 32  36   32.201
 32  37   38.935
 32  38   42.027
 32  39   49.072
 32  40   48.982
 32  41   57.954
 32  42   69.948
 32  43   76.428
 32  44   84.340
 32  45   91.725
 32  46   98.960
 32  47  108.603
 32  48  115.988
 32  49  125.624
 32  50  132.077
 32  51  150.906
 33   0   30.285
 33   1   31.375
 33   2   30.189
 33   3   14.688
 33   4   19.142
 33   5   15.219
 33   6   15.299
 33   7   15.441
 33   8   17.407
 33   9   20.336
 33  10   22.782
 33  11   24.122
 33  12   24.513
 33  13   21.998
 33  14   21.482
 33  15   20.185
 33  16   21.209
 33  17   15.453
 33  18   13.907
 33  19   10.596
 33  20   13.097
 33  21   16.082
 33  22   17.910
 33  23   16.591
 33  24   15.764
 33  25   14.498
 33  26   14.654
 33  27   20.826
 33  28   20.168
 33  29   22.430
 33  30   23.686
 33  31   16.610
 33  32   15.031
 33  33   17.899
 33  34   19.871
 33  35   21.034
 33  36   26.866
 33  37   33.632
 33  38   36.674
 33  39   43.782
 33  40   43.614
 33  41   52.687
 33  42   65.123
 33  43   71.426
 33  44   79.530
 33  45   86.913
 33  46   94.142
 33  47  103.769
 33  48  111.014
 33  49  120.761
 33  50  126.707
 33  51  145.533
 34   0   32.690
 34   1   31.871
 34   2   28.165
 34   3   19.604
 34   4   16.726
 34   5   15.832
 34   6   14.161
 34   7   14.249
 34   8   13.724
 34   9   13.812
 34  10   14.349
 34  11   15.367
 34  12   16.695
 34  13   18.021
 34  14   19.154
 34  15   19.551
 34  16   18.558
 34  17   16.980
 34  18   15.002
 34  19   13.429
 34  20   11.993
 34  21   11.379
 34  22   10.728
 34  23   11.636
 34  24   12.631
 34  25   13.119
 34  26   13.494
 34  27   13.689
 34  28   13.741
 34  29   14.178
 34  30   15.485
 34  31   16.134
 34  32   16.910
 34  33   17.731
 34  34   20.180
 34  35   22.683
 34  36   24.830
 34  37   30.190
 34  38   36.190
 34  39   39.959
 34  40   46.059
 34  41   48.069
 34  42   56.095
 34  43   63.490
 34  44   70.425
 34  45   77.816
 34  46   85.076
 34  47   94.787
 34  48  102.873
 34  49  111.925
 34  50  129.404
 34  51  150.471
 35   0   33.165
 35   1   35.327
 35   2   34.268
 35   3   19.716
 35   4   23.193
 35   5   19.952
 35   6   19.713
 35   7   19.843
 35   8   20.957
 35   9   22.219
 35  10   23.177
 35  11   24.244
 35  12   25.413
 35  13   25.406
 35  14   25.550
 35  15   24.693
 35  16   25.169
 35  17   20.274
 35  18   18.683
 35  19   15.510
 35  20   17.493
 35  21   19.101
 35  22   19.284
 35  23   19.460
 35  24   19.517
 35  25   18.814
 35  26   19.022
 35  27   22.236
 35  28   22.098
 35  29   22.952
 35  30   24.253
 35  31   21.116
 35  32   19.856
 35  33   22.467
 35  34   24.515
 35  35   25.837
 35  36   30.998
 35  37   37.254
 35  38   41.184
 35  39   47.235
 35  40   48.482
 35  41   55.740
 35  42   64.985
 35  43   72.204
 35  44   79.324
 35  45   86.714
 35  46   93.970
 35  47  103.670
 35  48  111.625
 35  49  120.786
 35  50  131.592
 35  51  150.516
 36   0   33.514
 36   1   34.749
 36   2   34.151
 36   3   22.149
 36   4   25.155
 36   5   22.234
 36   6   21.847
 36   7   21.975
 36   8   22.796
 36   9   23.738
 36  10   24.554
 36  11   25.604
 36  12   26.830
 36  13   27.211
 36  14   27.561
 36  15   26.887
 36  16   27.141
 36  17   22.626
 36  18   21.010
 36  19   17.924
 36  20   19.644
 36  21   20.823
 36  22   20.758
 36  23   21.155
 36  24   21.436
 36  25   20.939
 36  26   21.169
 36  27   23.711
 36  28   23.634
 36  29   24.349
 36  30   25.635
 36  31   23.112
 36  32   21.943
 36  33   24.453
 36  34   26.530
 36  35   27.915
 36  36   32.838
 36  37   38.961
 36  38   43.147
 36  39   48.905
 36  40   50.585
 36  41   57.328
 36  42   66.267
 36  43   73.537
 36  44   80.604
 36  45   87.994
 36  46   95.251
 36  47  104.954
 36  48  112.947
 36  49  122.077
 36  50  133.703
 36  51  152.672
 37   0   33.624
 37   1   34.383
 37   2   34.006
 37   3   23.050
 37   4   26.381
 37   5   23.282
 37   6   23.009
 37   7   23.145
 37   8   24.174
 37   9   25.331
 37  10   26.241
 37  11   27.302
 37  12   28.491
 37  13   28.616
 37  14   28.825
 37  15   28.022
 37  16   28.431
 37  17   23.648
 37  18   22.050
 37  19   18.905
 37  20   20.813
 37  21   22.286
 37  22   22.385
 37  23   22.638
 37  24   22.769
 37  25   22.130
 37  26   22.326
 37  27   25.300
 37  28   25.165
 37  29   25.995
 37  30   27.186
 37  31   22.956
 37  32   21.301
 37  33   23.998
 37  34   26.018
 37  35   27.278
 37  36   32.652
 37  37   39.050
 37  38   42.723
 37  39   49.078
 37  40   49.895
 37  41   57.659
 37  42   67.325
 37  43   74.466
 37  44   81.670
 37  45   89.059
 37  46   96.313
 37  47  106.007
 37  48  113.903
 37  49  123.114
 37  50  133.000
 37  51  151.889
 38   0   34.374
 38   1   34.289
 38   2   33.878
 38   3   23.312
 38   4   26.361
 38   5   23.451
 38   6   23.086
 38   7   23.221
 38   8   24.068
 38   9   25.030
 38  10   25.854
 38  11   26.905
 38  12   28.128
 38  13   28.488
 38  14   28.826
 38  15   28.140
 38  16   28.406
 38  17   23.870
 38  18   22.255
 38  19   19.168
 38  20   20.904
 38  21   22.107
 38  22   22.055
 38  23   22.444
 38  24   22.714
 38  25   22.205
 38  26   22.236
 38  27   24.847
 38  28   24.676
 38  29   25.475
 38  30   26.206
 38  31   21.358
 38  32   19.504
 38  33   22.053
 38  34   24.099
 38  35   25.404
 38  36   30.469
 38  37   36.683
 38  38   40.707
 38  39   46.673
 38  40   48.049
 38  41   55.098
 38  42   64.208
 38  43   71.450
 38  44   78.546
 38  45   85.936
 38  46   93.192
 38  47  102.894
 38  48  110.866
 38  49  120.013
 38  50  131.161
 38  51  150.102
 39   0   35.159
 39   1   35.928
 39   2   35.124
 39   3   23.610
 39   4   25.967
 39   5   23.437
 39   6   22.842
 39   7   22.966
 39   8   23.443
 39   9   24.088
 39  10   24.793
 39  11   25.830
 39  12   27.097
 39  13   27.823
 39  14   28.402
 39  15   27.967
 39  16   27.933
 39  17   23.953
 39  18   22.294
 39  19   19.358
 39  20   20.666
 39  21   21.354
 39  22   21.072
 39  23   21.662
 39  24   22.167
 39  25   21.888
 39  26   21.601
 39  27   23.752
 39  28   23.572
 39  29   24.102
 39  30   24.475
 39  31   20.238
 39  32   18.451
 39  33   20.706
 39  34   22.810
 39  35   24.235
 39  36   28.741
 39  37   34.692
 39  38   39.257
 39  39   44.622
 39  40   46.944
 39  41   52.883
 39  42   61.496
 39  43   68.815
 39  44   75.830
 39  45   83.220
 39  46   90.478
 39  47  100.185
 39  48  108.215
 39  49  117.315
 39  50  130.074
 39  51  149.136
 40   0   35.035
 40   1   38.082
 40   2   36.580
 40   3   24.501
 40   4   26.132
 40   5   23.967
 40   6   23.150
 40   7   23.267
 40   8   23.456
 40   9   23.903
 40  10   24.543
 40  11   25.572
 40  12   26.864
 40  13   27.807
 40  14   28.560
 40  15   28.341
 40  16   28.056
 40  17   24.594
 40  18   22.887
 40  19   20.131
 40  20   20.983
 40  21   21.282
 40  22   20.863
 40  23   21.570
 40  24   22.180
 40  25   21.793
 40  26   21.261
 40  27   23.309
 40  28   23.067
 40  29   23.331
 40  30   23.617
 40  31   19.625
 40  32   17.869
 40  33   20.004
 40  34   22.132
 40  35   23.605
 40  36   27.907
 40  37   33.781
 40  38   38.517
 40  39   43.696
 40  40   46.342
 40  41   51.915
 40  42   60.419
 40  43   67.753
 40  44   74.752
 40  45   82.142
 40  46   89.401
 40  47   99.108
 40  48  107.149
 40  49  116.240
 40  50  129.480
 40  51  148.597
 41   0   34.343
 41   1   37.873
 41   2   36.752
 41   3   23.327
 41   4   26.419
 41   5   23.435
 41   6   23.073
 41   7   23.203
 41   8   24.067
 41   9   25.047
 41  10   25.878
 41  11   26.930
 41  12   28.149
 41  13   28.490
 41  14   28.815
 41  15   28.118
 41  16   28.397
 41  17   23.837
 41  18   22.223
 41  19   19.141
 41  20   20.891
 41  21   22.115
 41  22   22.073
 41  23   22.435
 41  24   22.047
 41  25   20.281
 41  26   19.065
 41  27   23.205
 41  28   22.534
 41  29   23.525
 41  30   23.743
 41  31   16.895
 41  32   14.879
 41  33   17.548
 41  34   19.564
 41  35   20.806
 41  36   26.144
 41  37   32.528
 41  38   36.235
 41  39   42.567
 41  40   43.421
 41  41   51.100
 41  42   60.684
 41  43   67.841
 41  44   75.028
 41  45   82.417
 41  46   89.671
 41  47   99.367
 41  48  107.275
 41  49  116.476
 41  50  126.526
 41  51  145.421
 42   0   35.013
 42   1   36.472
 42   2   35.175
 42   3   21.290
 42   4   24.539
 42   5   21.446
 42   6   21.135
 42   7   21.263
 42   8   22.231
 42   9   23.320
 42  10   24.197
 42  11   25.254
 42  12   26.455
 42  13   26.666
 42  14   26.920
 42  15   26.157
 42  16   26.513
 42  17   21.816
 42  18   20.212
 42  19   17.094
 42  20   18.943
 42  21   20.318
 42  22   20.338
 42  23   20.523
 42  24   19.329
 42  25   17.184
 42  26   15.837
 42  27   20.081
 42  28   19.250
 42  29   20.179
 42  30   20.367
 42  31   13.560
 42  32   11.545
 42  33   14.204
 42  34   16.221
 42  35   17.467
 42  36   22.783
 42  37   29.151
 42  38   32.887
 42  39   39.187
 42  40   40.085
 42  41   47.708
 42  42   57.242
 42  43   64.408
 42  44   71.584
 42  45   78.974
 42  46   86.228
 42  47   95.925
 42  48  103.840
 42  49  113.035
 42  50  123.191
 42  51  142.089
 43   0   36.530
 43   1   36.637
 43   2   34.248
 43   3   20.593
 43   4   22.874
 43   5   20.346
 43   6   19.725
 43   7   19.842
 43   8   20.301
 43   9   20.934
 43  10   21.634
 43  11   22.670
 43  12   23.939
 43  13   24.679
 43  14   25.267
 43  15   24.843
 43  16   24.795
 43  17   20.840
 43  18   19.179
 43  19   16.258
 43  20   17.542
 43  21   18.204
 43  22   17.832
 43  23   17.983
 43  24   16.766
 43  25   14.639
 43  26   13.291
 43  27   16.967
 43  28   16.151
 43  29   16.690
 43  30   16.872
 43  31   10.955
 43  32    8.992
 43  33   11.528
 43  34   13.573
 43  35   14.873
 43  36   19.917
 43  37   26.124
 43  38   30.166
 43  39   36.117
 43  40   37.517
 43  41   44.525
 43  42   53.610
 43  43   60.856
 43  44   67.948
 43  45   75.338
 43  46   82.594
 43  47   92.296
 43  48  100.271
 43  49  109.416
 43  50  120.630
 43  51  139.575
 44   0   40.096
 44   1   38.065
 44   2   34.396
 44   3   23.796
 44   4   22.870
 44   5   21.599
 44   6   20.190
 44   7   20.284
 44   8   19.938
 44   9   20.102
 44  10   20.660
 44  11   21.680
 44  12   23.001
 44  13   24.247
 44  14   25.291
 44  15   25.522
 44  16   24.721
 44  17   22.544
 44  18   20.672
 44  19   18.590
 44  20   18.026
 44  21   17.636
 44  22   16.530
 44  23   15.773
 44  24   13.547
 44  25   11.046
 44  26    9.609
 44  27   14.267
 44  28   13.339
 44  29   14.566
 44  30   14.731
 44  31    7.269
 44  32    5.229
 44  33    7.953
 44  34    9.956
 44  35   11.173
 44  36   16.642
 44  37   23.116
 44  38   26.661
 44  39   33.180
 44  40   33.777
 44  41   41.784
 44  42   51.718
 44  43   58.803
 44  44   66.066
 44  45   73.455
 44  46   80.707
 44  47   90.398
 44  48   98.252
 44  49  107.498
 44  50  116.879
 44  51  135.754
 45   0   44.450
 45   1   42.599
 45   2   38.800
 45   3   27.787
 45   4   27.151
 45   5   25.802
 45   6   24.445
 45   7   24.541
 45   8   24.234
 45   9   24.417
 45  10   24.980
 45  11   26.000
 45  12   27.319
 45  13   28.545
 45  14   29.568
 45  15   29.761
 45  16   29.003
 45  17   26.703
 45  18   24.847
 45  19   22.660
 45  20   22.140
 45  21   21.306
 45  22   19.581
 45  23   17.655
 45  24   15.323
 45  25   13.241
 45  26   11.794
 45  27   11.068
 45  28   10.322
 45  29    9.868
 45  30   10.072
 45  31    8.851
 45  32    8.031
 45  33    8.380
 45  34   10.768
 45  35   12.917
 45  36   15.206
 45  37   20.620
 45  38   26.537
 45  39   30.448
 45  40   36.139
 45  41   38.465
 45  42   46.513
 45  43   53.904
 45  44   60.842
 45  45   68.233
 45  46   75.493
 45  47   85.204
 45  48   93.288
 45  49  102.342
 45  50  119.427
 45  51  140.026
 46   0   49.961
 46   1   49.337
 46   2   45.643
 46   3   33.145
 46   4   33.772
 46   5   32.006
 46   6   30.922
 46   7   31.024
 46   8   30.950
 46   9   31.249
 46  10   31.845
 46  11   32.869
 46  12   34.177
 46  13   35.279
 46  14   36.176
 46  15   36.164
 46  16   35.641
 46  17   32.724
 46  18   30.953
 46  19   28.416
 46  20   28.595
 46  21   27.981
 46  22   25.740
 46  23   23.333
 46  24   20.663
 46  25   18.324
 46  26   16.852
 46  27   17.284
 46  28   16.520
 46  29   16.176
 46  30   16.390
 46  31   14.144
 46  32   12.811
 46  33   14.022
 46  34   16.303
 46  35   18.142
 46  36   21.221
 46  37   26.766
 46  38   32.312
 46  39   36.618
 46  40   41.115
 46  41   44.685
 46  42   52.837
 46  43   60.217
 46  44   67.168
 46  45   74.558
 46  46   81.818
 46  47   91.528
 46  48   99.603
 46  49  108.665
 46  50  124.322
 46  51  144.005
 47   0   56.218
 47   1   58.939
 47   2   57.487
 47   3   39.269
 47   4   43.570
 47   5   39.752
 47   6   39.777
 47   7   39.915
 47   8   41.704
 47   9   44.146
 47  10   45.956
 47  11   47.157
 47  12   47.928
 47  13   46.255
 47  14   45.878
 47  15   44.659
 47  16   45.586
 47  17   39.978
 47  18   38.425
 47  19   35.136
 47  20   37.531
 47  21   39.782
 47  22   34.877
 47  23   31.343
 47  24   28.044
 47  25   25.310
 47  26   23.819
 47  27   28.928
 47  28   27.922
 47  29   29.619
 47  30   29.834
 47  31   21.484
 47  32   19.414
 47  33   22.200
 47  34   24.189
 47  35   25.379
 47  36   31.001
 47  37   37.591
 47  38   40.932
 47  39   47.692
 47  40   47.969
 47  41   56.396
 47  42   66.952
 47  43   73.888
 47  44   81.309
 47  45   88.697
 47  46   95.945
 47  47  105.626
 47  48  113.366
 47  49  122.705
 47  50  131.068
 47  51  149.921
 48   0   63.760
 48   1   65.261
 48   2   62.439
 48   3   46.809
 48   4   49.794
 48   5   46.855
 48   6   46.454
 48   7   46.577
 48   8   47.381
 48   9   48.308
 48  10   49.119
 48  11   50.168
 48  12   51.395
 48  13   51.793
 48  14   52.152
 48  15   51.487
 48  16   51.732
 48  17   47.235
 48  18   45.616
 48  19   42.538
 48  20   44.167
 48  21   44.735
 48  22   41.195
 48  23   38.072
 48  24   34.964
 48  25   32.335
 48  26   30.849
 48  27   33.796
 48  28   32.951
 48  29   33.143
 48  30   33.360
 48  31   28.413
 48  32   26.532
 48  33   28.863
 48  34   30.951
 48  35   32.337
 48  36   36.976
 48  37   42.985
 48  38   47.428
 48  39   52.932
 48  40   55.027
 48  41   61.218
 48  42   69.919
 48  43   77.225
 48  44   84.253
 48  45   91.644
 48  46   98.901
 48  47  108.608
 48  48  116.628
 48  49  125.749
 48  50  138.152
 48  51  157.181
 49   0   71.290
 49   1   72.856
 49   2   70.358
 49   3   54.156
 49   4   57.532
 49   5   54.348
 49   6   54.074
 49   7   54.201
 49   8   55.243
 49   9   56.421
 49  10   57.340
 49  11   58.402
 49  12   59.587
 49  13   59.684
 49  14   59.879
 49  15   59.064
 49  16   59.489
 49  17   54.679
 49  18   53.082
 49  19   49.935
 49  20   51.799
 49  21   52.650
 49  22   48.627
 49  23   45.343
 49  24   42.156
 49  25   39.482
 49  26   37.994
 49  27   41.673
 49  28   40.787
 49  29   41.296
 49  30   41.512
 49  31   35.601
 49  32   33.638
 49  33   36.161
 49  34   38.209
 49  35   39.512
 49  36   44.528
 49  37   50.720
 49  38   54.792
 49  39   60.711
 49  40   62.159
 49  41   69.106
 49  42   78.156
 49  43   85.408
 49  44   92.493
 49  45   99.883
 49  46  107.140
 49  47  116.843
 49  48  124.822
 49  49  133.977
 49  50  145.273
 49  51  164.223
 50   0   84.616
 50   1   79.402
 50   2   75.327
 50   3   67.397
 50   4   63.798
 50   5   62.991
 50   6   61.257
 50   7   61.344
 50   8   60.781
 50   9   60.853
 50  10   61.386
 50  11   62.404
 50  12   63.733
 50  13   65.075
 50  14   66.228
 50  15   66.664
 50  16   65.632
 50  17   64.198
 50  18   62.185
 50  19   60.715
 50  20   58.877
 50  21   57.592
 50  22   55.735
 50  23   53.712
 50  24   51.434
 50  25   49.461
 50  26   48.003
 50  27   46.739
 50  28   45.998
 50  29   45.513
 50  30   45.731
 50  31   44.938
 50  32   44.441
 50  33   44.275
 50  34   46.713
 50  35   49.022
 50  36   50.946
 50  37   56.313
 50  38   62.372
 50  39   66.133
 50  40   72.398
 50  41   74.133
 50  42   82.147
 50  43   89.542
 50  44   96.476
 50  45  103.867
 50  46  111.127
 50  47  120.839
 50  48  128.925
 50  49  137.991
 50  50  155.742
 50  51  177.272
