# column 1: No. of Structured Blocks
# column 2: Free Energy (kJ/mol)
  1   35.956
  2   30.552
  3   29.274
  4   28.611
  5   28.897
  6   28.518
  7   28.681
  8   28.891
  9   29.523
 10   30.427
 11   30.721
 12   31.491
 13   31.055
 14   31.025
 15   30.692
 16   30.811
 17   31.039
 18   31.301
 19   31.853
 20   32.479
 21   33.042
 22   33.510
 23   33.598
 24   33.173
 25   32.901
 26   29.749
 27   30.833
 28   28.441
 29   28.445
 30   27.667
 31   27.691
 32   27.438
 33   27.112
 34   26.611
 35   23.221
 36   17.578
 37   19.881
 38   16.597
 39   16.443
 40   15.688
 41   16.201
 42   16.142
 43   16.397
 44   16.902
 45   17.523
 46   16.682
 47   16.875
 48   16.353
 49   15.620
 50   14.894
 51   14.584
 52   13.730
 53   14.424
 54   14.484
 55   14.737
 56   14.786
 57   15.502
 58   15.947
 59   16.306
 60   16.588
 61   15.810
 62   14.663
 63   14.719
 64   15.143
 65   14.968
 66   14.084
 67   13.242
 68   11.214
 69    9.069
 70    7.861
 71    9.670
 72    8.912
 73    8.684
 74    7.744
 75    4.966
 76    3.672
 77    5.124
 78    5.985
 79    7.832
 80   10.884
 81   13.341
 82   17.748
 83   23.414
 84   27.769
 85   33.152
 86   36.547
 87   42.119
 88   49.578
 89   56.305
 90   63.634
 91   70.302
 92   78.123
 93   86.144
 94   93.583
 95  101.625
 96  109.567
 97  119.002
 98  127.490
 99  136.810
100  154.613
101  176.231
