# column 1: No. of Structured Blocks in N-terminal half
# column 2: No. of Structured Blocks in C-terminal half
# column 3: Free Energy (kJ/mol)
  0   0      inf
  0   1   59.962
  0   2   57.215
  0   3   55.585
  0   4   54.818
  0   5   55.731
  0   6   56.574
  0   7   57.453
  0   8   58.821
  0   9   60.207
  0  10   61.544
  0  11   63.071
  0  12   64.709
  0  13   66.333
  0  14   67.972
  0  15   69.619
  0  16   71.062
  0  17   72.197
  0  18   73.044
  0  19   73.631
  0  20   74.095
  0  21   74.703
  0  22   75.402
  0  23   76.218
  0  24   77.685
  0  25   79.186
  0  26   80.481
  0  27   81.683
  0  28   82.426
  0  29   82.552
  0  30   82.451
  0  31   82.575
  0  32   82.919
  0  33   84.078
  0  34   86.517
  0  35   88.881
  0  36   91.585
  0  37   97.011
  0  38  102.738
  0  39  106.818
  0  40  112.259
  0  41  115.029
  0  42  123.009
  0  43  130.375
  0  44  137.339
  0  45  144.723
  0  46  152.078
  0  47  161.730
  0  48  169.818
  0  49  178.961
  0  50  196.708
  0  51  218.228
  1   0   35.957
  1   1   32.362
  1   2   32.267
  1   3   31.360
  1   4   33.470
  1   5   34.909
  1   6   35.572
  1   7   37.808
  1   8   39.928
  1   9   41.585
  1  10   43.960
  1  11   46.482
  1  12   48.615
  1  13   50.519
  1  14   52.264
  1  15   52.899
  1  16   53.069
  1  17   53.224
  1  18   53.942
  1  19   55.525
  1  20   56.370
  1  21   54.449
  1  22   53.892
  1  23   55.878
  1  24   57.572
  1  25   59.020
  1  26   61.513
  1  27   62.257
  1  28   63.092
  1  29   63.531
  1  30   60.460
  1  31   58.719
  1  32   59.335
  1  33   61.935
  1  34   63.670
  1  35   65.915
  1  36   71.946
  1  37   78.241
  1  38   81.695
  1  39   87.111
  1  40   88.714
  1  41   98.314
  1  42  116.797
  1  43  119.086
  1  44  135.203
  1  45  142.025
  1  46  148.091
  1  47  155.277
  1  48  158.980
  1  49  169.699
  1  50  171.809
  1  51  190.622
  2   0   32.316
  2   1   32.286
  2   2   32.197
  2   3   31.301
  2   4   33.418
  2   5   34.843
  2   6   35.509
  2   7   37.742
  2   8   39.863
  2   9   41.519
  2  10   43.889
  2  11   46.400
  2  12   48.520
  2  13   50.389
  2  14   52.108
  2  15   52.711
  2  16   52.944
  2  17   52.818
  2  18   53.117
  2  19   54.596
  2  20   55.682
  2  21   54.200
  2  22   53.695
  2  23   55.586
  2  24   57.162
  2  25   58.430
  2  26   60.673
  2  27   61.000
  2  28   61.777
  2  29   62.614
  2  30   60.071
  2  31   57.828
  2  32   57.831
  2  33   60.356
  2  34   62.239
  2  35   64.091
  2  36   69.442
  2  37   75.603
  2  38   79.558
  2  39   85.105
  2  40   86.847
  2  41   94.454
  2  42  103.934
  2  43  111.115
  2  44  118.284
  2  45  125.673
  2  46  132.925
  2  47  142.615
  2  48  150.501
  2  49  159.680
  2  50  169.925
  2  51  188.827
  3   0   31.795
  3   1   33.261
  3   2   33.176
  3   3   29.847
  3   4   33.570
  3   5   32.495
  3   6   33.744
  3   7   35.793
  3   8   39.075
  3   9   41.716
  3  10   44.673
  3  11   47.335
  3  12   48.369
  3  13   46.463
  3  14   46.865
  3  15   46.150
  3  16   48.080
  3  17   43.487
  3  18   41.974
  3  19   39.131
  3  20   41.747
  3  21   45.074
  3  22   48.009
  3  23   46.541
  3  24   45.850
  3  25   45.503
  3  26   48.007
  3  27   45.706
  3  28   46.653
  3  29   50.970
  3  30   52.055
  3  31   42.289
  3  32   40.972
  3  33   43.883
  3  34   45.842
  3  35   46.977
  3  36   52.940
  3  37   59.836
  3  38   62.680
  3  39   70.049
  3  40   69.580
  3  41   79.117
  3  42   99.440
  3  43   99.915
  3  44  117.374
  3  45  124.018
  3  46  129.570
  3  47  137.065
  3  48  139.837
  3  49  152.269
  3  50  152.610
  3  51  171.421
  4   0   32.263
  4   1   35.613
  4   2   35.535
  4   3   30.363
  4   4   34.937
  4   5   32.775
  4   6   34.166
  4   7   36.166
  4   8   39.847
  4   9   43.113
  4  10   46.705
  4  11   49.579
  4  12   49.482
  4  13   46.503
  4  14   46.802
  4  15   46.028
  4  16   48.043
  4  17   43.306
  4  18   41.778
  4  19   38.924
  4  20   41.542
  4  21   44.895
  4  22   47.920
  4  23   46.364
  4  24   45.654
  4  25   45.301
  4  26   47.805
  4  27   45.500
  4  28   46.447
  4  29   50.771
  4  30   51.892
  4  31   42.083
  4  32   40.764
  4  33   43.676
  4  34   45.635
  4  35   46.770
  4  36   52.733
  4  37   59.630
  4  38   62.473
  4  39   69.842
  4  40   69.373
  4  41   78.910
  4  42   99.262
  4  43   99.709
  4  44  117.284
  4  45  123.898
  4  46  129.408
  4  47  136.877
  4  48  139.632
  4  49  152.071
  4  50  152.402
  4  51  171.213
  5   0   33.419
  5   1   38.776
  5   2   38.707
  5   3   31.589
  5   4   36.728
  5   5   33.890
  5   6   35.345
  5   7   37.322
  5   8   41.211
  5   9   44.928
  5  10   49.255
  5  11   52.482
  5  12   51.067
  5  13   47.519
  5  14   47.779
  5  15   46.984
  5  16   49.029
  5  17   44.241
  5  18   42.708
  5  19   39.850
  5  20   42.468
  5  21   45.830
  5  22   48.886
  5  23   47.299
  5  24   46.584
  5  25   46.229
  5  26   48.732
  5  27   46.426
  5  28   47.373
  5  29   51.700
  5  30   52.833
  5  31   43.009
  5  32   41.690
  5  33   44.602
  5  34   46.561
  5  35   47.696
  5  36   53.659
  5  37   60.555
  5  38   63.399
  5  39   70.768
  5  40   70.299
  5  41   79.836
  5  42  100.187
  5  43  100.635
  5  44  118.206
  5  45  124.821
  5  46  130.332
  5  47  137.802
  5  48  140.558
  5  49  152.997
  5  50  153.328
  5  51  172.139
  6   0   34.854
  6   1   42.305
  6   2   42.241
  6   3   33.853
  6   4   39.212
  6   5   36.112
  6   6   37.588
  6   7   39.557
  6   8   43.519
  6   9   47.424
  6  10   52.185
  6  11   55.707
  6  12   53.461
  6  13   49.710
  6  14   49.959
  6  15   49.156
  6  16   51.211
  6  17   46.407
  6  18   44.873
  6  19   42.008
  6  20   44.626
  6  21   47.991
  6  22   51.056
  6  23   49.458
  6  24   48.741
  6  25   48.385
  6  26   50.889
  6  27   48.583
  6  28   49.530
  6  29   53.857
  6  30   54.993
  6  31   45.166
  6  32   43.847
  6  33   46.759
  6  34   48.718
  6  35   49.853
  6  36   55.815
  6  37   62.712
  6  38   65.555
  6  39   72.925
  6  40   72.455
  6  41   81.992
  6  42  102.339
  6  43  102.791
  6  44  120.342
  6  45  126.963
  6  46  132.481
  6  47  139.956
  6  48  142.714
  6  49  155.152
  6  50  155.485
  6  51  174.296
  7   0   33.692
  7   1   45.996
  7   2   45.931
  7   3   36.328
  7   4   41.783
  7   5   38.523
  7   6   40.010
  7   7   41.975
  7   8   45.979
  7   9   50.001
  7  10   55.098
  7  11   58.913
  7  12   55.971
  7  13   52.102
  7  14   52.345
  7  15   51.539
  7  16   53.599
  7  17   48.781
  7  18   47.246
  7  19   44.327
  7  20   46.947
  7  21   50.313
  7  22   53.376
  7  23   51.749
  7  24   51.031
  7  25   50.675
  7  26   53.178
  7  27   50.877
  7  28   51.824
  7  29   56.151
  7  30   57.289
  7  31   47.460
  7  32   46.141
  7  33   49.053
  7  34   51.012
  7  35   52.147
  7  36   58.109
  7  37   65.006
  7  38   67.849
  7  39   75.219
  7  40   74.749
  7  41   84.286
  7  42  104.620
  7  43  105.084
  7  44  122.586
  7  45  129.219
  7  46  134.756
  7  47  142.242
  7  48  145.007
  7  49  157.442
  7  50  157.779
  7  51  176.590
  8   0   33.158
  8   1   47.347
  8   2   46.925
  8   3   34.043
  8   4   39.504
  8   5   36.061
  8   6   37.562
  8   7   39.523
  8   8   43.575
  8   9   47.741
  8  10   53.350
  8  11   57.797
  8  12   53.622
  8  13   49.621
  8  14   49.856
  8  15   49.047
  8  16   51.100
  8  17   46.266
  8  18   44.728
  8  19   41.663
  8  20   44.283
  8  21   47.655
  8  22   50.687
  8  23   48.981
  8  24   48.262
  8  25   47.907
  8  26   50.407
  8  27   48.122
  8  28   49.070
  8  29   53.397
  8  30   54.472
  8  31   44.704
  8  32   43.387
  8  33   46.299
  8  34   48.257
  8  35   49.393
  8  36   55.356
  8  37   62.252
  8  38   65.096
  8  39   72.464
  8  40   71.996
  8  41   81.533
  8  42  101.880
  8  43  102.332
  8  44  119.891
  8  45  126.509
  8  46  132.024
  8  47  139.497
  8  48  142.255
  8  49  154.692
  8  50  155.025
  8  51  173.836
  9   0   33.505
  9   1   48.192
  9   2   46.154
  9   3   35.725
  9   4   35.760
  9   5   34.752
  9   6   33.909
  9   7   34.779
  9   8   35.000
  9   9   35.698
  9  10   36.992
  9  11   38.325
  9  12   39.806
  9  13   41.492
  9  14   43.245
  9  15   44.721
  9  16   45.626
  9  17   45.129
  9  18   44.041
  9  19   42.316
  9  20   42.310
  9  21   42.183
  9  22   41.841
  9  23   42.760
  9  24   43.748
  9  25   44.364
  9  26   45.212
  9  27   45.565
  9  28   46.006
  9  29   46.583
  9  30   45.992
  9  31   44.596
  9  32   44.028
  9  33   45.327
  9  34   47.618
  9  35   49.581
  9  36   52.632
  9  37   58.159
  9  38   63.732
  9  39   67.989
  9  40   72.616
  9  41   76.126
  9  42   84.269
  9  43   91.649
  9  44   98.600
  9  45  105.990
  9  46  113.247
  9  47  122.955
  9  48  130.992
  9  49  140.067
  9  50  155.785
  9  51  175.499
 10   0   34.523
 10   1   37.878
 10   2   37.760
 10   3   34.818
 10   4   36.484
 10   5   35.855
 10   6   35.520
 10   7   36.595
 10   8   37.045
 10   9   37.803
 10  10   39.129
 10  11   40.481
 10  12   41.964
 10  13   43.608
 10  14   45.324
 10  15   46.674
 10  16   47.643
 10  17   46.644
 10  18   45.462
 10  19   43.321
 10  20   44.004
 10  21   44.228
 10  22   43.983
 10  23   44.838
 10  24   45.734
 10  25   46.265
 10  26   47.244
 10  27   47.347
 10  28   47.855
 10  29   48.685
 10  30   48.134
 10  31   45.845
 10  32   45.024
 10  33   46.810
 10  34   49.018
 10  35   50.736
 10  36   54.438
 10  37   60.115
 10  38   65.303
 10  39   69.975
 10  40   73.621
 10  41   78.171
 10  42   86.453
 10  43   93.816
 10  44  100.785
 10  45  108.176
 10  46  115.432
 10  47  125.139
 10  48  133.163
 10  49  142.248
 10  50  156.737
 10  51  176.070
 11   0   35.210
 11   1   36.625
 11   2   36.530
 11   3   34.562
 11   4   37.071
 11   5   37.066
 11   6   37.559
 11   7   39.173
 11   8   40.423
 11   9   41.460
 11  10   42.966
 11  11   44.433
 11  12   45.935
 11  13   47.392
 11  14   48.945
 11  15   49.825
 11  16   50.998
 11  17   48.728
 11  18   47.391
 11  19   44.698
 11  20   46.482
 11  21   47.740
 11  22   47.908
 11  23   48.487
 11  24   49.035
 11  25   49.293
 11  26   50.716
 11  27   50.043
 11  28   50.732
 11  29   52.442
 11  30   52.061
 11  31   47.537
 11  32   46.401
 11  33   48.872
 11  34   50.938
 11  35   52.304
 11  36   57.196
 11  37   63.316
 11  38   67.530
 11  39   73.279
 11  40   75.006
 11  41   81.693
 11  42   90.602
 11  43   97.876
 11  44  104.939
 11  45  112.329
 11  46  119.583
 11  47  129.284
 11  48  137.242
 11  49  146.383
 11  50  158.065
 11  51  177.039
 12   0   35.575
 12   1   37.055
 12   2   36.967
 12   3   34.123
 12   4   37.442
 12   5   36.735
 12   6   37.766
 12   7   39.678
 12   8   42.059
 12   9   43.715
 12  10   45.604
 12  11   47.288
 12  12   48.726
 12  13   49.248
 12  14   50.257
 12  15   50.172
 12  16   51.828
 12  17   47.918
 12  18   46.441
 12  19   43.594
 12  20   46.036
 12  21   48.705
 12  22   50.139
 12  23   49.836
 12  24   49.660
 12  25   49.513
 12  26   51.636
 12  27   49.875
 12  28   50.751
 12  29   54.032
 12  30   54.253
 12  31   46.668
 12  32   45.386
 12  33   48.208
 12  34   50.189
 12  35   51.372
 12  36   57.087
 12  37   63.751
 12  38   66.974
 12  39   73.878
 12  40   73.994
 12  41   82.695
 12  42   93.835
 12  43  100.605
 12  44  108.204
 12  45  115.590
 12  46  122.831
 12  47  132.495
 12  48  140.068
 12  49  149.525
 12  50  157.029
 12  51  175.869
 13   0   36.106
 13   1   37.820
 13   2   37.734
 13   3   33.942
 13   4   37.882
 13   5   36.482
 13   6   37.763
 13   7   39.780
 13   8   43.084
 13   9   45.722
 13  10   48.531
 13  11   50.874
 13  12   51.848
 13  13   50.187
 13  14   50.630
 13  15   49.957
 13  16   51.902
 13  17   47.301
 13  18   45.784
 13  19   42.908
 13  20   45.515
 13  21   48.809
 13  22   51.620
 13  23   50.227
 13  24   49.569
 13  25   49.233
 13  26   51.710
 13  27   49.447
 13  28   50.390
 13  29   54.629
 13  30   55.634
 13  31   46.043
 13  32   44.727
 13  33   47.634
 13  34   49.594
 13  35   50.732
 13  36   56.679
 13  37   63.560
 13  38   66.429
 13  39   73.767
 13  40   73.336
 13  41   82.816
 13  42   99.785
 13  43  103.229
 13  44  114.691
 13  45  122.011
 13  46  129.022
 13  47  138.144
 13  48  143.049
 13  49  154.406
 13  50  156.366
 13  51  175.178
 14   0   36.768
 14   1   38.423
 14   2   38.337
 14   3   34.456
 14   4   38.452
 14   5   36.996
 14   6   38.296
 14   7   40.320
 14   8   43.723
 14   9   46.527
 14  10   49.582
 14  11   52.189
 14  12   52.972
 14  13   50.818
 14  14   51.192
 14  15   50.466
 14  16   52.430
 14  17   47.781
 14  18   46.262
 14  19   43.392
 14  20   46.007
 14  21   49.338
 14  22   52.274
 14  23   50.783
 14  24   50.093
 14  25   49.746
 14  26   52.243
 14  27   49.951
 14  28   50.896
 14  29   55.199
 14  30   56.279
 14  31   46.535
 14  32   45.217
 14  33   48.128
 14  34   50.087
 14  35   51.223
 14  36   57.182
 14  37   64.076
 14  38   66.924
 14  39   74.287
 14  40   73.826
 14  41   83.351
 14  42  102.513
 14  43  104.062
 14  44  118.517
 14  45  125.660
 14  46  132.160
 14  47  140.478
 14  48  143.959
 14  49  156.082
 14  50  156.855
 14  51  175.667
 15   0   37.375
 15   1   39.204
 15   2   39.117
 15   3   34.606
 15   4   38.861
 15   5   37.015
 15   6   38.358
 15   7   40.343
 15   8   43.844
 15   9   46.843
 15  10   50.049
 15  11   52.620
 15  12   53.105
 15  13   50.671
 15  14   51.001
 15  15   50.260
 15  16   52.253
 15  17   47.550
 15  18   46.026
 15  19   43.087
 15  20   45.702
 15  21   49.041
 15  22   51.979
 15  23   50.435
 15  24   49.740
 15  25   49.392
 15  26   51.887
 15  27   49.600
 15  28   50.536
 15  29   54.835
 15  30   55.914
 15  31   46.172
 15  32   44.854
 15  33   47.765
 15  34   49.724
 15  35   50.860
 15  36   56.818
 15  37   63.710
 15  38   66.561
 15  39   73.921
 15  40   73.463
 15  41   82.983
 15  42  101.798
 15  43  103.660
 15  44  117.516
 15  45  124.712
 15  46  131.349
 15  47  139.844
 15  48  143.548
 15  49  155.564
 15  50  156.492
 15  51  175.304
 16   0   38.100
 16   1   39.166
 16   2   39.077
 16   3   34.878
 16   4   38.993
 16   5   37.317
 16   6   38.625
 16   7   40.556
 16   8   43.952
 16   9   46.990
 16  10   50.322
 16  11   53.085
 16  12   53.525
 16  13   50.862
 16  14   51.097
 16  15   50.327
 16  16   52.317
 16  17   47.601
 16  18   46.076
 16  19   43.110
 16  20   45.729
 16  21   49.079
 16  22   52.055
 16  23   50.465
 16  24   49.760
 16  25   49.408
 16  26   51.906
 16  27   49.594
 16  28   50.502
 16  29   54.822
 16  30   55.903
 16  31   46.113
 16  32   44.797
 16  33   47.708
 16  34   49.667
 16  35   50.802
 16  36   56.764
 16  37   63.660
 16  38   66.505
 16  39   73.873
 16  40   73.405
 16  41   82.940
 16  42  103.036
 16  43  103.723
 16  44  120.375
 16  45  127.203
 16  46  133.045
 16  47  140.736
 16  48  143.641
 16  49  156.020
 16  50  156.434
 16  51  175.245
 17   0   38.727
 17   1   41.587
 17   2   41.503
 17   3   35.663
 17   4   40.387
 17   5   37.916
 17   6   39.117
 17   7   40.380
 17   8   43.292
 17   9   47.030
 17  10   51.590
 17  11   54.959
 17  12   53.768
 17  13   49.778
 17  14   49.651
 17  15   48.824
 17  16   50.847
 17  17   46.030
 17  18   44.494
 17  19   41.462
 17  20   44.081
 17  21   47.450
 17  22   50.475
 17  23   48.796
 17  24   48.078
 17  25   47.720
 17  26   50.207
 17  27   47.866
 17  28   48.672
 17  29   52.998
 17  30   53.980
 17  31   44.214
 17  32   42.902
 17  33   45.814
 17  34   47.773
 17  35   48.908
 17  36   54.871
 17  37   61.767
 17  38   64.611
 17  39   71.980
 17  40   71.510
 17  41   81.047
 17  42  101.374
 17  43  101.845
 17  44  119.317
 17  45  125.958
 17  46  131.505
 17  47  138.998
 17  48  141.767
 17  49  154.200
 17  50  154.540
 17  51  173.351
 18   0   40.115
 18   1   43.339
 18   2   43.200
 18   3   36.131
 18   4   39.584
 18   5   37.527
 18   6   37.641
 18   7   38.445
 18   8   39.356
 18   9   40.214
 18  10   41.132
 18  11   42.273
 18  12   43.646
 18  13   44.688
 18  14   45.693
 18  15   46.045
 18  16   46.899
 18  17   44.147
 18  18   42.694
 18  19   40.045
 18  20   41.640
 18  21   42.672
 18  22   42.730
 18  23   43.384
 18  24   44.025
 18  25   44.340
 18  26   45.630
 18  27   44.990
 18  28   45.562
 18  29   47.220
 18  30   46.745
 18  31   42.293
 18  32   41.165
 18  33   43.576
 18  34   45.655
 18  35   47.046
 18  36   51.812
 18  37   57.871
 18  38   62.209
 18  39   67.823
 18  40   69.761
 18  41   76.194
 18  42   84.988
 18  43   92.280
 18  44   99.324
 18  45  106.714
 18  46  113.969
 18  47  123.671
 18  48  131.642
 18  49  140.759
 18  50  152.824
 18  51  171.824
 19   0   41.501
 19   1   46.216
 19   2   45.981
 19   3   37.785
 19   4   40.341
 19   5   38.437
 19   6   38.144
 19   7   38.650
 19   8   39.091
 19   9   39.610
 19  10   40.362
 19  11   41.473
 19  12   42.823
 19  13   43.999
 19  14   45.137
 19  15   45.580
 19  16   45.966
 19  17   43.538
 19  18   42.083
 19  19   39.611
 19  20   40.753
 19  21   41.319
 19  22   41.186
 19  23   41.968
 19  24   42.748
 19  25   43.147
 19  26   44.234
 19  27   43.845
 19  28   44.352
 19  29   45.621
 19  30   44.987
 19  31   41.362
 19  32   40.317
 19  33   42.498
 19  34   44.626
 19  35   46.132
 19  36   50.465
 19  37   56.344
 19  38   61.066
 19  39   66.253
 19  40   68.905
 19  41   74.530
 19  42   83.046
 19  43   90.377
 19  44   97.379
 19  45  104.770
 19  46  112.026
 19  47  121.730
 19  48  129.731
 19  49  138.823
 19  50  151.986
 19  51  171.093
 20   0   43.014
 20   1   49.664
 20   2   49.291
 20   3   37.661
 20   4   41.423
 20   5   38.371
 20   6   38.331
 20   7   38.596
 20   8   39.852
 20   9   41.189
 20  10   42.202
 20  11   43.335
 20  12   44.613
 20  13   45.149
 20  14   45.691
 20  15   45.258
 20  16   45.958
 20  17   41.761
 20  18   40.230
 20  19   37.316
 20  20   39.446
 20  21   41.328
 20  22   41.898
 20  23   42.178
 20  24   42.367
 20  25   42.253
 20  26   43.839
 20  27   42.264
 20  28   42.897
 20  29   45.564
 20  30   45.300
 20  31   38.879
 20  32   37.638
 20  33   40.343
 20  34   42.353
 20  35   43.593
 20  36   49.007
 20  37   55.437
 20  38   59.066
 20  39   65.491
 20  40   66.240
 20  41   74.104
 20  42   83.871
 20  43   90.990
 20  44   98.217
 20  45  105.606
 20  46  112.856
 20  47  122.546
 20  48  130.387
 20  49  139.612
 20  50  149.283
 20  51  168.165
 21   0   44.206
 21   1   50.703
 21   2   49.587
 21   3   35.696
 21   4   39.287
 21   5   36.038
 21   6   35.880
 21   7   36.013
 21   8   37.265
 21   9   38.670
 21  10   39.693
 21  11   40.820
 21  12   42.091
 21  13   42.570
 21  14   43.053
 21  15   42.516
 21  16   43.103
 21  17   38.716
 21  18   37.161
 21  19   34.252
 21  20   36.300
 21  21   38.020
 21  22   38.463
 21  23   38.817
 21  24   38.975
 21  25   38.857
 21  26   40.381
 21  27   38.850
 21  28   39.444
 21  29   41.890
 21  30   41.497
 21  31   35.480
 21  32   34.256
 21  33   36.908
 21  34   38.931
 21  35   40.197
 21  36   45.486
 21  37   51.833
 21  38   55.613
 21  39   61.864
 21  40   62.856
 21  41   70.414
 21  42   79.888
 21  43   87.065
 21  44   94.231
 21  45  101.620
 21  46  108.872
 21  47  118.566
 21  48  126.451
 21  49  135.640
 21  50  145.902
 21  51  164.804
 22   0   44.337
 22   1   49.443
 22   2   47.801
 22   3   35.412
 22   4   37.103
 22   5   34.914
 22   6   34.211
 22   7   34.300
 22   8   34.607
 22   9   35.148
 22  10   35.851
 22  11   36.936
 22  12   38.279
 22  13   39.414
 22  14   40.461
 22  15   40.680
 22  16   40.646
 22  17   37.656
 22  18   36.046
 22  19   33.559
 22  20   34.471
 22  21   34.853
 22  22   34.650
 22  23   35.459
 22  24   36.228
 22  25   36.568
 22  26   37.488
 22  27   37.047
 22  28   37.389
 22  29   38.295
 22  30   37.479
 22  31   34.492
 22  32   33.533
 22  33   35.463
 22  34   37.641
 22  35   39.269
 22  36   43.188
 22  37   48.929
 22  38   53.967
 22  39   58.809
 22  40   62.108
 22  41   67.020
 22  42   75.369
 22  43   82.723
 22  44   89.701
 22  45   97.092
 22  46  104.348
 22  47  114.054
 22  48  122.072
 22  49  131.149
 22  50  145.210
 22  51  164.453
 23   0   43.811
 23   1   46.709
 23   2   45.554
 23   3   30.599
 23   4   34.851
 23   5   31.080
 23   6   31.111
 23   7   31.247
 23   8   33.105
 23   9   35.617
 23  10   37.378
 23  11   38.630
 23  12   39.696
 23  13   38.943
 23  14   38.829
 23  15   37.777
 23  16   38.686
 23  17   33.605
 23  18   32.059
 23  19   29.029
 23  20   31.445
 23  21   34.057
 23  22   35.387
 23  23   35.055
 23  24   34.621
 23  25   34.186
 23  26   36.027
 23  27   33.889
 23  28   34.550
 23  29   37.889
 23  30   37.913
 23  31   30.270
 23  32   28.993
 23  33   31.803
 23  34   33.787
 23  35   34.974
 23  36   40.654
 23  37   47.288
 23  38   50.562
 23  39   57.406
 23  40   57.598
 23  41   66.191
 23  42   77.076
 23  43   83.922
 23  44   91.440
 23  45   98.827
 23  46  106.071
 23  47  115.740
 23  48  123.372
 23  49  132.769
 23  50  140.634
 23  51  159.479
 24   0   43.323
 24   1   46.919
 24   2   43.690
 24   3   34.963
 24   4   32.416
 24   5   31.510
 24   6   30.026
 24   7   30.063
 24   8   29.616
 24   9   29.770
 24  10   30.370
 24  11   31.443
 24  12   32.806
 24  13   34.178
 24  14   35.510
 24  15   36.322
 24  16   35.805
 24  17   34.464
 24  18   32.753
 24  19   31.359
 24  20   30.171
 24  21   29.673
 24  22   29.236
 24  23   30.198
 24  24   31.244
 24  25   31.873
 24  26   32.458
 24  27   32.803
 24  28   32.932
 24  29   33.030
 24  30   32.093
 24  31   31.472
 24  32   31.209
 24  33   31.665
 24  34   34.068
 24  35   36.385
 24  36   38.563
 24  37   43.952
 24  38   49.922
 24  39   53.762
 24  40   59.706
 24  41   61.836
 24  42   69.869
 24  43   77.262
 24  44   84.199
 24  45   91.590
 24  46   98.847
 24  47  108.555
 24  48  116.602
 24  49  125.655
 24  50  142.985
 24  51  163.857
 25   0   40.935
 25   1   47.128
 25   2   46.638
 25   3   32.967
 25   4   37.126
 25   5   33.429
 25   6   33.436
 25   7   33.570
 25   8   35.340
 25   9   37.655
 25  10   39.246
 25  11   40.465
 25  12   41.584
 25  13   41.087
 25  14   41.066
 25  15   40.077
 25  16   40.948
 25  17   35.942
 25  18   34.395
 25  19   31.372
 25  20   33.745
 25  21   36.228
 25  22   37.380
 25  23   37.182
 25  24   36.841
 25  25   36.448
 25  26   38.239
 25  27   36.182
 25  28   36.831
 25  29   40.015
 25  30   39.959
 25  31   32.594
 25  32   31.323
 25  33   34.111
 25  34   36.101
 25  35   37.299
 25  36   42.922
 25  37   49.509
 25  38   52.863
 25  39   59.613
 25  40   59.928
 25  41   68.354
 25  42   78.905
 25  43   85.842
 25  44   93.263
 25  45  100.651
 25  46  107.897
 25  47  117.573
 25  48  125.275
 25  49  134.615
 25  50  142.965
 25  51  161.818
 26   0   40.052
 26   1   39.463
 26   2   39.310
 26   3   35.237
 26   4   36.082
 26   5   34.735
 26   6   33.809
 26   7   33.919
 26   8   33.906
 26   9   34.261
 26  10   34.914
 26  11   35.995
 26  12   37.349
 26  13   38.606
 26  14   39.791
 26  15   40.272
 26  16   40.027
 26  17   37.660
 26  18   36.019
 26  19   33.813
 26  20   34.077
 26  21   34.071
 26  22   33.750
 26  23   34.629
 26  24   35.521
 26  25   35.981
 26  26   36.760
 26  27   36.632
 26  28   36.895
 26  29   37.463
 26  30   36.592
 26  31   34.457
 26  32   33.662
 26  33   35.201
 26  34   37.449
 26  35   39.268
 26  36   42.629
 26  37   48.225
 26  38   53.623
 26  39   58.075
 26  40   62.220
 26  41   66.225
 26  42   74.427
 26  43   81.799
 26  44   88.758
 26  45   96.149
 26  46  103.405
 26  47  113.112
 26  48  121.144
 26  49  130.210
 26  50  145.359
 26  51  164.863
 27   0   38.389
 27   1   39.419
 27   2   39.326
 27   3   35.060
 27   4   38.575
 27   5   36.096
 27   6   36.200
 27   7   36.466
 27   8   38.361
 27   9   40.904
 27  10   42.759
 27  11   44.065
 27  12   45.130
 27  13   44.297
 27  14   44.157
 27  15   43.083
 27  16   44.017
 27  17   38.902
 27  18   37.357
 27  19   34.306
 27  20   36.738
 27  21   39.396
 27  22   40.769
 27  23   40.193
 27  24   39.666
 27  25   39.185
 27  26   41.003
 27  27   38.843
 27  28   39.490
 27  29   42.760
 27  30   42.746
 27  31   35.221
 27  32   33.946
 27  33   36.746
 27  34   38.733
 27  35   39.925
 27  36   45.577
 27  37   52.188
 27  38   55.501
 27  39   62.299
 27  40   62.551
 27  41   71.062
 27  42   81.775
 27  43   88.668
 27  44   96.135
 27  45  103.523
 27  46  110.767
 27  47  120.441
 27  48  128.109
 27  49  137.476
 27  50  145.587
 27  51  164.436
 28   0   38.456
 28   1   37.615
 28   2   37.511
 28   3   32.567
 28   4   36.225
 28   5   33.575
 28   6   33.690
 28   7   33.970
 28   8   35.725
 28   9   37.897
 28  10   39.406
 28  11   40.630
 28  12   41.788
 28  13   41.470
 28  14   41.527
 28  15   40.596
 28  16   41.429
 28  17   36.501
 28  18   34.952
 28  19   31.915
 28  20   34.251
 28  21   36.628
 28  22   37.632
 28  23   37.181
 28  24   36.784
 28  25   36.354
 28  26   38.065
 28  27   36.054
 28  28   36.680
 28  29   39.700
 28  30   39.530
 28  31   32.479
 28  32   31.217
 28  33   33.979
 28  34   35.975
 28  35   37.187
 28  36   42.742
 28  37   49.275
 28  38   52.721
 28  39   59.362
 28  40   59.821
 28  41   68.057
 28  42   78.296
 28  43   85.311
 28  44   92.649
 28  45  100.037
 28  46  107.285
 28  47  116.968
 28  48  124.729
 28  49  134.020
 28  50  142.860
 28  51  161.722
 29   0   38.520
 29   1   39.209
 29   2   39.041
 29   3   32.990
 29   4   34.864
 29   5   32.925
 29   6   32.295
 29   7   32.437
 29   8   32.720
 29   9   33.236
 29  10   33.933
 29  11   35.019
 29  12   36.363
 29  13   37.518
 29  14   38.587
 29  15   38.845
 29  16   38.777
 29  17   35.864
 29  18   34.247
 29  19   31.763
 29  20   32.602
 29  21   32.929
 29  22   32.692
 29  23   33.427
 29  24   34.091
 29  25   34.252
 29  26   34.897
 29  27   34.624
 29  28   34.886
 29  29   35.651
 29  30   34.787
 29  31   32.069
 29  32   31.155
 29  33   32.969
 29  34   35.169
 29  35   36.853
 29  36   40.597
 29  37   46.289
 29  38   51.447
 29  39   56.158
 29  40   59.725
 29  41   64.347
 29  42   72.643
 29  43   80.004
 29  44   86.975
 29  45   94.365
 29  46  101.622
 29  47  111.328
 29  48  119.351
 29  49  128.424
 29  50  142.837
 29  51  162.150
 30   0   39.050
 30   1   42.595
 30   2   42.221
 30   3   30.933
 30   4   34.443
 30   5   31.326
 30   6   31.172
 30   7   31.342
 30   8   32.499
 30   9   33.757
 30  10   34.714
 30  11   35.833
 30  12   37.119
 30  13   37.722
 30  14   38.294
 30  15   37.844
 30  16   38.324
 30  17   34.073
 30  18   32.507
 30  19   29.602
 30  20   31.521
 30  21   33.008
 30  22   33.279
 30  23   33.513
 30  24   33.597
 30  25   32.957
 30  26   33.201
 30  27   35.962
 30  28   36.064
 30  29   36.391
 30  30   35.429
 30  31   33.699
 30  32   33.005
 30  33   34.291
 30  34   36.581
 30  35   38.518
 30  36   41.562
 30  37   47.092
 30  38   52.666
 30  39   56.929
 30  40   61.548
 30  41   65.052
 30  42   73.196
 30  43   80.575
 30  44   87.526
 30  45   94.917
 30  46  102.174
 30  47  111.881
 30  48  119.918
 30  49  128.980
 30  50  144.715
 30  51  164.430
 31   0   35.878
 31   1   43.821
 31   2   42.644
 31   3   29.255
 31   4   32.208
 31   5   29.337
 31   6   28.995
 31   7   29.119
 31   8   29.990
 31   9   30.959
 31  10   31.802
 31  11   32.905
 31  12   34.216
 31  13   35.047
 31  14   35.798
 31  15   35.565
 31  16   35.875
 31  17   31.984
 31  18   30.406
 31  19   27.607
 31  20   29.265
 31  21   30.368
 31  22   30.433
 31  23   30.867
 31  24   31.138
 31  25   30.666
 31  26   30.913
 31  27   33.190
 31  28   33.291
 31  29   34.103
 31  30   35.553
 31  31   33.230
 31  32   32.377
 31  33   35.072
 31  34   37.124
 31  35   38.446
 31  36   43.767
 31  37   50.108
 31  38   53.872
 31  39   60.105
 31  40   61.112
 31  41   68.742
 31  42   78.275
 31  43   85.441
 31  44   92.619
 31  45  100.008
 31  46  107.260
 31  47  116.953
 31  48  124.829
 31  49  134.023
 31  50  144.160
 31  51  163.058
 32   0   33.273
 32   1   38.178
 32   2   37.739
 32   3   23.870
 32   4   28.070
 32   5   24.343
 32   6   24.361
 32   7   24.510
 32   8   26.330
 32   9   28.717
 32  10   30.367
 32  11   31.598
 32  12   32.680
 32  13   32.017
 32  14   31.935
 32  15   30.902
 32  16   31.804
 32  17   26.726
 32  18   25.180
 32  19   22.138
 32  20   24.538
 32  21   27.102
 32  22   28.349
 32  23   27.639
 32  24   27.072
 32  25   25.948
 32  26   26.116
 32  27   31.109
 32  28   30.716
 32  29   32.414
 32  30   33.717
 32  31   27.988
 32  32   26.771
 32  33   29.620
 32  34   31.602
 32  35   32.783
 32  36   38.557
 32  37   45.267
 32  38   48.409
 32  39   55.403
 32  40   55.401
 32  41   64.286
 32  42   75.961
 32  43   82.555
 32  44   90.343
 32  45   97.728
 32  46  104.964
 32  47  114.613
 32  48  122.049
 32  49  131.603
 32  50  138.435
 32  51  157.268
 33   0   33.836
 33   1   34.294
 33   2   33.136
 33   3   17.703
 33   4   22.191
 33   5   18.244
 33   6   18.340
 33   7   18.482
 33   8   20.576
 33   9   23.812
 33  10   26.524
 33  11   28.014
 33  12   28.641
 33  13   26.523
 33  14   26.077
 33  15   24.818
 33  16   25.867
 33  17   20.521
 33  18   18.980
 33  19   15.876
 33  20   18.419
 33  21   21.473
 33  22   23.541
 33  23   21.981
 33  24   21.079
 33  25   19.781
 33  26   19.933
 33  27   26.261
 33  28   25.529
 33  29   28.153
 33  30   29.259
 33  31   21.808
 33  32   20.532
 33  33   23.407
 33  34   25.377
 33  35   26.536
 33  36   32.389
 33  37   39.175
 33  38   42.195
 33  39   49.343
 33  40   49.147
 33  41   58.292
 33  42   71.104
 33  43   77.238
 33  44   85.525
 33  45   92.906
 33  46  100.125
 33  47  109.730
 33  48  116.804
 33  49  126.646
 33  50  132.179
 33  51  151.002
 34   0   36.697
 34   1   34.886
 34   2   31.064
 34   3   22.548
 34   4   19.597
 34   5   18.748
 34   6   17.225
 34   7   17.260
 34   8   16.786
 34   9   16.930
 34  10   17.527
 34  11   18.599
 34  12   19.961
 34  13   21.333
 34  14   22.646
 34  15   23.413
 34  16   22.798
 34  17   21.491
 34  18   19.756
 34  19   18.440
 34  20   17.109
 34  21   16.576
 34  22   16.117
 34  23   17.053
 34  24   18.001
 34  25   18.461
 34  26   18.813
 34  27   18.992
 34  28   19.105
 34  29   19.591
 34  30   20.809
 34  31   21.443
 34  32   22.190
 34  33   23.062
 34  34   25.507
 34  35   28.032
 34  36   30.168
 34  37   35.526
 34  38   41.534
 34  39   45.302
 34  40   51.437
 34  41   53.436
 34  42   61.461
 34  43   68.855
 34  44   75.791
 34  45   83.182
 34  46   90.439
 34  47  100.147
 34  48  108.195
 34  49  117.247
 34  50  134.749
 34  51  155.848
 35   0   37.294
 35   1   40.370
 35   2   38.466
 35   3   22.624
 35   4   26.109
 35   5   22.860
 35   6   22.668
 35   7   22.783
 35   8   24.004
 35   9   25.390
 35  10   26.405
 35  11   27.531
 35  12   28.793
 35  13   29.217
 35  14   29.652
 35  15   29.055
 35  16   29.589
 35  17   25.171
 35  18   23.607
 35  19   20.658
 35  20   22.671
 35  21   24.322
 35  22   24.691
 35  23   24.799
 35  24   24.766
 35  25   24.006
 35  26   24.203
 35  27   27.530
 35  28   27.413
 35  29   28.385
 35  30   29.588
 35  31   26.227
 35  32   25.218
 35  33   27.836
 35  34   29.883
 35  35   31.207
 35  36   36.371
 35  37   42.629
 35  38   46.564
 35  39   52.620
 35  40   53.883
 35  41   61.150
 35  42   70.398
 35  43   77.616
 35  44   84.738
 35  45   92.128
 35  46   99.381
 35  47  109.078
 35  48  116.993
 35  49  126.169
 35  50  136.935
 35  51  155.858
 36   0   37.817
 36   1   39.365
 36   2   38.424
 36   3   25.115
 36   4   28.111
 36   5   25.185
 36   6   24.852
 36   7   24.958
 36   8   25.874
 36   9   26.913
 36  10   27.783
 36  11   28.889
 36  12   30.188
 36  13   30.917
 36  14   31.572
 36  15   31.217
 36  16   31.554
 36  17   27.535
 36  18   25.959
 36  19   23.104
 36  20   24.845
 36  21   26.063
 36  22   26.179
 36  23   26.540
 36  24   26.739
 36  25   26.184
 36  26   26.402
 36  27   29.029
 36  28   28.986
 36  29   29.793
 36  30   30.982
 36  31   28.316
 36  32   27.400
 36  33   29.905
 36  34   31.985
 36  35   33.381
 36  36   38.277
 36  37   44.386
 36  38   48.608
 36  39   54.334
 36  40   56.087
 36  41   62.774
 36  42   71.682
 36  43   78.956
 36  44   86.019
 36  45   93.409
 36  46  100.664
 36  47  110.364
 36  48  118.322
 36  49  127.451
 36  50  139.150
 36  51  158.124
 37   0   37.392
 37   1   38.592
 37   2   38.107
 37   3   26.084
 37   4   29.387
 37   5   26.282
 37   6   26.044
 37   7   26.159
 37   8   27.269
 37   9   28.517
 37  10   29.471
 37  11   30.589
 37  12   31.867
 37  13   32.419
 37  14   32.940
 37  15   32.433
 37  16   32.893
 37  17   28.620
 37  18   27.052
 37  19   24.137
 37  20   26.055
 37  21   27.541
 37  22   27.807
 37  23   28.021
 37  24   28.080
 37  25   27.397
 37  26   27.590
 37  27   30.617
 37  28   30.512
 37  29   31.432
 37  30   32.507
 37  31   28.244
 37  32   26.899
 37  33   29.581
 37  34   31.606
 37  35   32.879
 37  36   38.208
 37  37   44.574
 37  38   48.312
 37  39   54.602
 37  40   55.533
 37  41   63.185
 37  42   72.742
 37  43   79.903
 37  44   87.086
 37  45   94.475
 37  46  101.726
 37  47  111.419
 37  48  119.292
 37  49  128.492
 37  50  138.585
 37  51  157.481
 38   0   37.454
 38   1   37.573
 38   2   37.161
 38   3   26.380
 38   4   29.365
 38   5   26.483
 38   6   26.155
 38   7   26.267
 38   8   27.182
 38   9   28.216
 38  10   29.084
 38  11   30.191
 38  12   31.490
 38  13   32.226
 38  14   32.886
 38  15   32.538
 38  16   32.867
 38  17   28.862
 38  18   27.285
 38  19   24.437
 38  20   26.169
 38  21   27.373
 38  22   27.485
 38  23   27.855
 38  24   28.062
 38  25   27.514
 38  26   27.551
 38  27   30.167
 38  28   30.025
 38  29   30.880
 38  30   31.423
 38  31   26.637
 38  32   25.086
 38  33   27.614
 38  34   29.666
 38  35   30.989
 38  36   35.993
 38  37   42.174
 38  38   46.271
 38  39   52.162
 38  40   53.672
 38  41   60.592
 38  42   69.624
 38  43   76.878
 38  44   83.962
 38  45   91.351
 38  46   98.605
 38  47  108.305
 38  48  116.248
 38  49  125.389
 38  50  136.734
 38  51  155.686
 39   0   38.167
 39   1   37.870
 39   2   37.291
 39   3   26.661
 39   4   28.925
 39   5   26.460
 39   6   25.922
 39   7   26.019
 39   8   26.558
 39   9   27.267
 39  10   28.021
 39  11   29.113
 39  12   30.440
 39  13   31.430
 39  14   32.313
 39  15   32.267
 39  16   32.348
 39  17   28.900
 39  18   27.302
 39  19   24.619
 39  20   25.914
 39  21   26.615
 39  22   26.504
 39  23   27.094
 39  24   27.535
 39  25   27.213
 39  26   26.924
 39  27   29.068
 39  28   28.916
 39  29   29.471
 39  30   29.615
 39  31   25.496
 39  32   24.003
 39  33   26.227
 39  34   28.340
 39  35   29.792
 39  36   34.222
 39  37   40.142
 39  38   44.780
 39  39   50.072
 39  40   52.543
 39  41   58.344
 39  42   66.912
 39  43   74.236
 39  44   81.246
 39  45   88.636
 39  46   95.891
 39  47  105.596
 39  48  113.591
 39  49  122.689
 39  50  135.626
 39  51  154.707
 40   0   38.585
 40   1   39.890
 40   2   38.814
 40   3   27.577
 40   4   29.090
 40   5   27.001
 40   6   26.254
 40   7   26.338
 40   8   26.578
 40   9   27.079
 40  10   27.771
 40  11   28.854
 40  12   30.196
 40  13   31.333
 40  14   32.368
 40  15   32.564
 40  16   32.442
 40  17   29.511
 40  18   27.889
 40  19   25.405
 40  20   26.227
 40  21   26.542
 40  22   26.296
 40  23   27.012
 40  24   27.548
 40  25   27.100
 40  26   26.565
 40  27   28.615
 40  28   28.398
 40  29   28.690
 40  30   28.737
 40  31   24.982
 40  32   23.537
 40  33   25.605
 40  34   27.747
 40  35   29.268
 40  36   33.434
 40  37   39.259
 40  38   44.110
 40  39   49.170
 40  40   52.057
 40  41   57.393
 40  42   65.835
 40  43   73.176
 40  44   80.168
 40  45   87.558
 40  46   94.814
 40  47  104.519
 40  48  112.528
 40  49  121.615
 40  50  135.151
 40  51  154.308
 41   0   36.082
 41   1   41.584
 41   2   40.202
 41   3   26.237
 41   4   29.338
 41   5   26.356
 41   6   26.055
 41   7   26.170
 41   8   27.139
 41   9   28.221
 41  10   29.107
 41  11   30.215
 41  12   31.510
 41  13   32.207
 41  14   32.837
 41  15   32.454
 41  16   32.812
 41  17   28.746
 41  18   27.171
 41  19   24.320
 41  20   26.092
 41  21   27.353
 41  22   27.447
 41  23   27.759
 41  24   27.120
 41  25   25.213
 41  26   23.964
 41  27   28.258
 41  28   27.565
 41  29   28.790
 41  30   28.787
 41  31   22.011
 41  32   20.316
 41  33   22.983
 41  34   25.000
 41  35   26.248
 41  36   31.574
 41  37   37.949
 41  38   41.681
 41  39   47.993
 41  40   48.898
 41  41   56.546
 41  42   66.100
 41  43   73.261
 41  44   80.443
 41  45   87.832
 41  46   95.084
 41  47  104.777
 41  48  112.651
 41  49  121.850
 41  50  131.950
 41  51  150.846
 42   0   33.460
 42   1   38.379
 42   2   37.400
 42   3   23.108
 42   4   26.766
 42   5   23.411
 42   6   23.272
 42   7   23.400
 42   8   24.754
 42   9   26.302
 42  10   27.395
 42  11   28.533
 42  12   29.774
 42  13   30.049
 42  14   30.391
 42  15   29.703
 42  16   30.307
 42  17   25.753
 42  18   24.193
 42  19   21.253
 42  20   23.346
 42  21   25.151
 42  22   25.384
 42  23   25.321
 42  24   23.463
 42  25   21.069
 42  26   19.668
 42  27   24.457
 42  28   23.561
 42  29   25.208
 42  30   25.187
 42  31   17.491
 42  32   15.737
 42  33   18.489
 42  34   20.486
 42  35   21.694
 42  36   27.226
 42  37   33.744
 42  38   37.218
 42  39   43.831
 42  40   44.326
 42  41   52.499
 42  42   62.646
 42  43   69.682
 42  44   76.997
 42  45   84.386
 42  46   91.634
 42  47  101.318
 42  48  109.096
 42  49  118.375
 42  50  127.372
 42  51  146.238
 43   0   33.065
 43   1   34.783
 43   2   33.540
 43   3   18.334
 43   4   22.514
 43   5   18.791
 43   6   18.801
 43   7   18.935
 43   8   20.724
 43   9   23.071
 43  10   24.686
 43  11   25.910
 43  12   26.996
 43  13   26.362
 43  14   26.285
 43  15   25.258
 43  16   26.123
 43  17   21.088
 43  18   19.540
 43  19   16.528
 43  20   18.904
 43  21   21.396
 43  22   21.729
 43  23   21.178
 43  24   18.518
 43  25   15.905
 43  26   14.451
 43  27   19.735
 43  28   18.734
 43  29   21.083
 43  30   21.025
 43  31   12.076
 43  32   10.301
 43  33   13.132
 43  34   15.110
 43  35   16.283
 43  36   22.020
 43  37   28.704
 43  38   31.894
 43  39   38.842
 43  40   38.897
 43  41   47.664
 43  42   58.979
 43  43   65.694
 43  44   73.352
 43  45   80.738
 43  46   87.977
 43  47   97.637
 43  48  105.169
 43  49  114.648
 43  50  121.940
 43  51  140.778
 44   0   34.996
 44   1   34.174
 44   2   31.311
 44   3   18.849
 44   4   19.936
 44   5   18.006
 44   6   17.151
 44   7   17.222
 44   8   17.348
 44   9   17.785
 44  10   18.457
 44  11   19.539
 44  12   20.884
 44  13   22.067
 44  14   23.150
 44  15   23.435
 44  16   23.240
 44  17   20.518
 44  18   18.889
 44  19   16.565
 44  20   17.153
 44  21   17.328
 44  22   15.638
 44  23   15.185
 44  24   12.642
 44  25   10.050
 44  26    8.599
 44  27   13.959
 44  28   12.952
 44  29   15.459
 44  30   15.373
 44  31    6.205
 44  32    4.433
 44  33    7.276
 44  34    9.251
 44  35   10.419
 44  36   16.187
 44  37   22.898
 44  38   26.042
 44  39   33.045
 44  40   33.030
 44  41   41.895
 44  42   53.505
 44  43   60.122
 44  44   67.885
 44  45   75.270
 44  46   82.507
 44  47   92.158
 44  48   99.614
 44  49  109.155
 44  50  116.073
 44  51  134.907
 45   0   39.233
 45   1   36.417
 45   2   32.675
 45   3   23.023
 45   4   21.179
 45   5   20.146
 45   6   18.743
 45   7   18.784
 45   8   18.397
 45   9   18.578
 45  10   19.184
 45  11   20.257
 45  12   21.617
 45  13   22.966
 45  14   24.250
 45  15   24.949
 45  16   24.404
 45  17   22.861
 45  18   21.157
 45  19   19.565
 45  20   18.570
 45  21   17.786
 45  22   16.589
 45  23   15.378
 45  24   13.544
 45  25   11.764
 45  26   10.558
 45  27    9.862
 45  28    9.221
 45  29    8.809
 45  30    8.753
 45  31    7.616
 45  32    6.944
 45  33    7.354
 45  34    9.742
 45  35   11.930
 45  36   14.195
 45  37   19.603
 45  38   25.535
 45  39   29.434
 45  40   35.189
 45  41   37.480
 45  42   45.523
 45  43   52.915
 45  44   59.853
 45  45   67.244
 45  46   74.501
 45  47   84.210
 45  48   92.256
 45  49  101.311
 45  50  118.447
 45  51  139.098
 46   0   43.845
 46   1   43.069
 46   2   39.489
 46   3   27.334
 46   4   27.722
 46   5   26.068
 46   6   25.051
 46   7   25.112
 46   8   25.061
 46   9   25.401
 46  10   26.048
 46  11   27.126
 46  12   28.477
 46  13   29.723
 46  14   30.879
 46  15   31.303
 46  16   30.995
 46  17   28.625
 46  18   26.977
 46  19   24.804
 46  20   24.905
 46  21   24.453
 46  22   22.708
 46  23   21.292
 46  24   19.032
 46  25   16.908
 46  26   15.583
 46  27   16.066
 46  28   15.398
 46  29   15.113
 46  30   15.067
 46  31   12.852
 46  32   11.727
 46  33   12.983
 46  34   15.263
 46  35   17.122
 46  36   20.202
 46  37   25.745
 46  38   31.296
 46  39   35.602
 46  40   40.125
 46  41   43.697
 46  42   51.848
 46  43   59.227
 46  44   66.179
 46  45   73.570
 46  46   80.826
 46  47   90.534
 46  48   98.570
 46  49  107.634
 46  50  123.290
 46  51  142.973
 47   0   50.119
 47   1   52.814
 47   2   51.381
 47   3   33.511
 47   4   37.762
 47   5   33.982
 47   6   34.008
 47   7   34.141
 47   8   35.977
 47   9   38.461
 47  10   40.200
 47  11   41.447
 47  12   42.491
 47  13   41.658
 47  14   41.515
 47  15   40.440
 47  16   41.353
 47  17   36.246
 47  18   34.701
 47  19   31.717
 47  20   34.110
 47  21   36.321
 47  22   31.542
 47  23   30.009
 47  24   26.763
 47  25   24.047
 47  26   22.566
 47  27   27.576
 47  28   26.595
 47  29   28.463
 47  30   28.430
 47  31   20.158
 47  32   18.401
 47  33   21.189
 47  34   23.178
 47  35   24.369
 47  36   29.991
 47  37   36.579
 47  38   39.932
 47  39   46.688
 47  40   46.992
 47  41   55.416
 47  42   65.963
 47  43   72.900
 47  44   80.320
 47  45   87.708
 47  46   94.954
 47  47  104.631
 47  48  112.334
 47  49  121.674
 47  50  130.039
 47  51  148.892
 48   0   57.363
 48   1   58.914
 48   2   56.232
 48   3   40.742
 48   4   43.706
 48   5   40.788
 48   6   40.443
 48   7   40.547
 48   8   41.441
 48   9   42.460
 48  10   43.322
 48  11   44.428
 48  12   45.728
 48  13   46.473
 48  14   47.141
 48  15   46.802
 48  16   47.131
 48  17   43.139
 48  18   41.564
 48  19   38.795
 48  20   40.438
 48  21   41.169
 48  22   37.987
 48  23   36.478
 48  24   33.573
 48  25   31.026
 48  26   29.585
 48  27   32.533
 48  28   31.755
 48  29   32.062
 48  30   32.021
 48  31   27.091
 48  32   25.497
 48  33   27.836
 48  34   29.925
 48  35   31.318
 48  36   35.958
 48  37   41.965
 48  38   46.417
 48  39   51.918
 48  40   54.041
 48  41   60.231
 48  42   68.930
 48  43   76.235
 48  44   83.265
 48  45   90.655
 48  46   97.910
 48  47  107.613
 48  48  115.595
 48  49  124.717
 48  50  137.116
 48  51  156.144
 49   0   64.899
 49   1   66.492
 49   2   64.133
 49   3   48.091
 49   4   51.449
 49   5   48.282
 49   6   48.052
 49   7   48.164
 49   8   49.298
 49   9   50.577
 49  10   51.545
 49  11   52.664
 49  12   53.939
 49  13   54.461
 49  14   54.962
 49  15   54.433
 49  16   54.916
 49  17   50.606
 49  18   49.041
 49  19   46.200
 49  20   48.080
 49  21   49.067
 49  22   45.372
 49  23   43.854
 49  24   40.813
 49  25   38.195
 49  26   36.737
 49  27   40.388
 49  28   39.557
 49  29   40.202
 49  30   40.162
 49  31   34.280
 49  32   32.615
 49  33   35.143
 49  34   37.191
 49  35   38.500
 49  36   43.514
 49  37   49.703
 49  38   53.787
 49  39   59.701
 49  40   61.180
 49  41   68.121
 49  42   77.167
 49  43   84.418
 49  44   91.505
 49  45   98.894
 49  46  106.148
 49  47  115.848
 49  48  123.789
 49  49  132.945
 49  50  144.242
 49  51  163.192
 50   0   78.177
 50   1   73.091
 50   2   69.167
 50   3   61.290
 50   4   57.689
 50   5   56.920
 50   6   55.343
 50   7   55.376
 50   8   54.865
 50   9   54.994
 50  10   55.588
 50  11   56.660
 50  12   58.023
 50  13   59.403
 50  14   60.729
 50  15   61.528
 50  16   60.896
 50  17   59.714
 50  18   57.976
 50  19   56.742
 50  20   55.087
 50  21   54.066
 50  22   52.821
 50  23   51.370
 50  24   49.556
 50  25   47.889
 50  26   46.718
 50  27   45.534
 50  28   44.899
 50  29   44.454
 50  30   44.411
 50  31   43.676
 50  32   43.252
 50  33   43.224
 50  34   45.656
 50  35   47.993
 50  36   49.925
 50  37   55.290
 50  38   61.350
 50  39   65.115
 50  40   71.392
 50  41   73.144
 50  42   81.157
 50  43   88.553
 50  44   95.487
 50  45  102.878
 50  46  110.135
 50  47  119.844
 50  48  127.893
 50  49  136.959
 50  50  154.707
 50  51  176.231
