# column 1: No. of Structured Blocks
# column 2: Free Energy (kJ/mol)
  1   25.978
  2   20.580
  3   19.284
  4   18.491
  5   18.697
  6   18.318
  7   18.260
  8   18.327
  9   18.920
 10   19.899
 11   20.626
 12   20.878
 13   20.644
 14   20.554
 15   20.217
 16   20.119
 17   20.220
 18   20.531
 19   20.953
 20   21.672
 21   22.200
 22   22.767
 23   23.191
 24   23.928
 25   24.696
 26   23.630
 27   23.960
 28   22.313
 29   21.927
 30   21.348
 31   21.069
 32   21.185
 33   20.917
 34   20.542
 35   18.155
 36   13.805
 37   15.828
 38   12.891
 39   12.738
 40   11.949
 41   12.465
 42   12.325
 43   12.551
 44   12.953
 45   13.600
 46   14.185
 47   14.687
 48   14.652
 49   14.411
 50   12.424
 51   11.026
 52    8.836
 53   10.013
 54    9.725
 55    9.531
 56    8.998
 57    9.556
 58    9.954
 59   10.314
 60   11.105
 61   10.981
 62   11.147
 63   11.546
 64   11.613
 65   11.376
 66   12.067
 67   11.802
 68   11.054
 69   10.010
 70    9.274
 71   10.491
 72    9.724
 73    8.810
 74    7.580
 75    5.991
 76    5.057
 77    6.555
 78    7.540
 79    9.449
 80   12.524
 81   15.092
 82   19.516
 83   25.151
 84   29.505
 85   34.836
 86   38.304
 87   43.882
 88   51.341
 89   58.069
 90   65.400
 91   72.072
 92   79.894
 93   87.921
 94   95.365
 95  103.403
 96  111.347
 97  120.791
 98  129.312
 99  138.629
100  156.436
101  178.061
