# column 1: No. of Structured Blocks in N-terminal half
# column 2: No. of Structured Blocks in C-terminal half
# column 3: Free Energy (kJ/mol)
  0   0      inf
  0   1   50.311
  0   2   47.549
  0   3   45.795
  0   4   44.836
  0   5   45.717
  0   6   46.519
  0   7   47.344
  0   8   48.675
  0   9   50.028
  0  10   51.320
  0  11   52.780
  0  12   54.345
  0  13   55.904
  0  14   57.451
  0  15   58.981
  0  16   60.267
  0  17   61.212
  0  18   61.831
  0  19   62.227
  0  20   62.577
  0  21   63.124
  0  22   63.846
  0  23   64.660
  0  24   65.997
  0  25   67.362
  0  26   68.477
  0  27   69.411
  0  28   69.993
  0  29   70.024
  0  30   69.814
  0  31   69.831
  0  32   70.068
  0  33   71.142
  0  34   73.572
  0  35   75.905
  0  36   78.603
  0  37   84.030
  0  38   89.756
  0  39   93.832
  0  40   99.253
  0  41  102.012
  0  42  109.993
  0  43  117.359
  0  44  124.322
  0  45  131.706
  0  46  139.064
  0  47  148.722
  0  48  156.852
  0  49  165.994
  0  50  183.748
  0  51  205.279
  1   0   25.978
  1   1   22.388
  1   2   22.242
  1   3   21.015
  1   4   23.102
  1   5   24.569
  1   6   25.191
  1   7   27.435
  1   8   29.535
  1   9   31.160
  1  10   33.495
  1  11   35.974
  1  12   38.063
  1  13   39.812
  1  14   41.357
  1  15   41.631
  1  16   41.511
  1  17   41.590
  1  18   42.293
  1  19   43.894
  1  20   45.022
  1  21   43.314
  1  22   42.476
  1  23   44.109
  1  24   45.687
  1  25   47.092
  1  26   49.029
  1  27   49.601
  1  28   50.481
  1  29   50.813
  1  30   47.475
  1  31   45.544
  1  32   46.032
  1  33   48.629
  1  34   50.363
  1  35   52.607
  1  36   58.638
  1  37   64.931
  1  38   68.376
  1  39   73.779
  1  40   75.373
  1  41   84.972
  1  42  103.482
  1  43  105.754
  1  44  122.035
  1  45  128.833
  1  46  134.868
  1  47  142.024
  1  48  145.712
  1  49  156.434
  1  50  158.537
  1  51  177.350
  2   0   22.346
  2   1   22.311
  2   2   22.173
  2   3   20.958
  2   4   23.051
  2   5   24.506
  2   6   25.130
  2   7   27.371
  2   8   29.472
  2   9   31.097
  2  10   33.427
  2  11   35.895
  2  12   37.973
  2  13   39.682
  2  14   41.202
  2  15   41.452
  2  16   41.398
  2  17   41.155
  2  18   41.409
  2  19   42.888
  2  20   44.203
  2  21   43.000
  2  22   42.236
  2  23   43.764
  2  24   45.200
  2  25   46.377
  2  26   48.177
  2  27   48.324
  2  28   49.113
  2  29   49.913
  2  30   47.128
  2  31   44.727
  2  32   44.549
  2  33   47.091
  2  34   48.964
  2  35   50.807
  2  36   56.224
  2  37   62.418
  2  38   66.294
  2  39   71.892
  2  40   73.524
  2  41   81.295
  2  42   90.926
  2  43   98.080
  2  44  105.279
  2  45  112.668
  2  46  119.922
  2  47  129.614
  2  48  137.523
  2  49  146.715
  2  50  156.668
  2  51  175.560
  3   0   21.821
  3   1   23.288
  3   2   23.154
  3   3   19.653
  3   4   23.276
  3   5   22.330
  3   6   23.548
  3   7   25.607
  3   8   28.828
  3   9   31.379
  3  10   34.229
  3  11   36.795
  3  12   37.500
  3  13   35.188
  3  14   35.542
  3  15   34.796
  3  16   36.701
  3  17   31.558
  3  18   30.042
  3  19   27.013
  3  20   29.598
  3  21   32.939
  3  22   35.897
  3  23   33.713
  3  24   33.012
  3  25   32.662
  3  26   35.164
  3  27   32.885
  3  28   33.832
  3  29   38.150
  3  30   39.485
  3  31   29.370
  3  32   27.675
  3  33   30.586
  3  34   32.545
  3  35   33.681
  3  36   39.643
  3  37   46.540
  3  38   49.372
  3  39   56.740
  3  40   56.250
  3  41   65.786
  3  42   86.112
  3  43   86.590
  3  44  104.132
  3  45  110.767
  3  46  116.312
  3  47  123.806
  3  48  126.576
  3  49  139.009
  3  50  139.349
  3  51  158.160
  4   0   22.286
  4   1   25.726
  4   2   25.601
  4   3   20.234
  4   4   24.751
  4   5   22.657
  4   6   24.035
  4   7   26.038
  4   8   29.692
  4   9   32.896
  4  10   36.360
  4  11   39.063
  4  12   38.445
  4  13   35.177
  4  14   35.455
  4  15   34.668
  4  16   36.676
  4  17   31.371
  4  18   29.841
  4  19   26.801
  4  20   29.388
  4  21   32.746
  4  22   35.776
  4  23   33.520
  4  24   32.807
  4  25   32.453
  4  26   34.956
  4  27   32.674
  4  28   33.621
  4  29   37.945
  4  30   39.325
  4  31   29.158
  4  32   27.462
  4  33   30.374
  4  34   32.333
  4  35   33.468
  4  36   39.430
  4  37   46.327
  4  38   49.159
  4  39   56.529
  4  40   56.038
  4  41   65.574
  4  42   85.925
  4  43   86.379
  4  44  104.030
  4  45  110.636
  4  46  116.141
  4  47  123.611
  4  48  126.366
  4  49  138.805
  4  50  139.136
  4  51  157.947
  5   0   23.421
  5   1   29.000
  5   2   28.886
  5   3   21.484
  5   4   26.611
  5   5   23.787
  5   6   25.238
  5   7   27.216
  5   8   31.099
  5   9   34.795
  5  10   39.007
  5  11   41.942
  5  12   39.900
  5  13   36.171
  5  14   36.423
  5  15   35.621
  5  16   37.665
  5  17   32.304
  5  18   30.770
  5  19   27.725
  5  20   30.312
  5  21   33.676
  5  22   36.730
  5  23   34.450
  5  24   33.733
  5  25   33.377
  5  26   35.880
  5  27   33.597
  5  28   34.544
  5  29   38.871
  5  30   40.265
  5  31   30.082
  5  32   28.385
  5  33   31.297
  5  34   33.256
  5  35   34.391
  5  36   40.354
  5  37   47.250
  5  38   50.082
  5  39   57.452
  5  40   56.961
  5  41   66.497
  5  42   86.849
  5  43   87.303
  5  44  104.952
  5  45  111.559
  5  46  117.064
  5  47  124.534
  5  48  127.289
  5  49  139.728
  5  50  140.060
  5  51  158.870
  6   0   24.784
  6   1   32.544
  6   2   32.436
  6   3   23.875
  6   4   29.214
  6   5   26.142
  6   6   27.614
  6   7   29.585
  6   8   33.538
  6   9   37.414
  6  10   42.020
  6  11   45.118
  6  12   42.355
  6  13   38.490
  6  14   38.734
  6  15   37.929
  6  16   39.982
  6  17   34.606
  6  18   33.071
  6  19   30.024
  6  20   32.611
  6  21   35.977
  6  22   39.036
  6  23   36.750
  6  24   36.032
  6  25   35.676
  6  26   38.179
  6  27   35.896
  6  28   36.843
  6  29   41.171
  6  30   42.568
  6  31   32.381
  6  32   30.684
  6  33   33.596
  6  34   35.555
  6  35   36.690
  6  36   42.652
  6  37   49.549
  6  38   52.381
  6  39   59.751
  6  40   59.260
  6  41   68.796
  6  42   89.148
  6  43   89.601
  6  44  107.252
  6  45  113.859
  6  46  119.364
  6  47  126.833
  6  48  129.588
  6  49  142.027
  6  50  142.358
  6  51  161.169
  7   0   22.217
  7   1   36.237
  7   2   36.132
  7   3   27.010
  7   4   32.419
  7   5   29.257
  7   6   30.737
  7   7   32.705
  7   8   36.682
  7   9   40.625
  7  10   45.400
  7  11   48.581
  7  12   45.504
  7  13   41.593
  7  14   41.835
  7  15   41.028
  7  16   43.085
  7  17   37.704
  7  18   36.168
  7  19   33.110
  7  20   35.697
  7  21   39.064
  7  22   42.123
  7  23   39.835
  7  24   39.117
  7  25   38.760
  7  26   41.264
  7  27   38.981
  7  28   39.928
  7  29   44.256
  7  30   45.655
  7  31   35.466
  7  32   33.769
  7  33   36.681
  7  34   38.640
  7  35   39.775
  7  36   45.738
  7  37   52.634
  7  38   55.466
  7  39   62.836
  7  40   62.345
  7  41   71.881
  7  42   92.232
  7  43   92.686
  7  44  110.333
  7  45  116.940
  7  46  122.447
  7  47  129.918
  7  48  132.673
  7  49  145.112
  7  50  145.443
  7  51  164.254
  8   0   21.375
  8   1   39.056
  8   2   38.892
  8   3   28.919
  8   4   34.314
  8   5   31.054
  8   6   32.541
  8   7   34.506
  8   8   38.511
  8   9   42.531
  8  10   47.523
  8  11   50.817
  8  12   47.335
  8  13   43.376
  8  14   43.614
  8  15   42.807
  8  16   44.859
  8  17   39.480
  8  18   37.943
  8  19   34.751
  8  20   37.340
  8  21   40.710
  8  22   43.742
  8  23   41.451
  8  24   40.732
  8  25   40.377
  8  26   42.878
  8  27   40.608
  8  28   41.555
  8  29   45.883
  8  30   47.244
  8  31   37.092
  8  32   35.396
  8  33   38.308
  8  34   40.267
  8  35   41.402
  8  36   47.365
  8  37   54.261
  8  38   57.093
  8  39   64.462
  8  40   63.972
  8  41   73.508
  8  42   93.858
  8  43   94.314
  8  44  111.958
  8  45  118.566
  8  46  124.073
  8  47  131.544
  8  48  134.300
  8  49  146.738
  8  50  147.071
  8  51  165.881
  9   0   21.648
  9   1   41.330
  9   2   40.611
  9   3   31.432
  9   4   32.424
  9   5   31.197
  9   6   30.367
  9   7   31.317
  9   8   31.539
  9   9   32.195
  9  10   33.471
  9  11   34.786
  9  12   36.250
  9  13   37.868
  9  14   39.526
  9  15   40.740
  9  16   41.406
  9  17   40.098
  9  18   38.743
  9  19   36.510
  9  20   36.857
  9  21   36.841
  9  22   36.318
  9  23   37.128
  9  24   38.043
  9  25   38.553
  9  26   39.366
  9  27   39.475
  9  28   39.873
  9  29   40.604
  9  30   40.035
  9  31   38.098
  9  32   37.141
  9  33   38.682
  9  34   40.925
  9  35   42.723
  9  36   46.146
  9  37   51.755
  9  38   57.111
  9  39   61.596
  9  40   65.634
  9  41   69.734
  9  42   77.950
  9  43   85.322
  9  44   92.281
  9  45   99.672
  9  46  106.932
  9  47  116.643
  9  48  124.717
  9  49  133.796
  9  50  148.829
  9  51  168.301
 10   0   22.677
 10   1   25.905
 10   2   25.758
 10   3   24.429
 10   4   26.500
 10   5   27.726
 10   6   28.153
 10   7   30.105
 10   8   31.569
 10   9   32.736
 10  10   34.460
 10  11   36.149
 10  12   37.765
 10  13   39.376
 10  14   40.980
 10  15   41.881
 10  16   42.353
 10  17   41.146
 10  18   40.086
 10  19   37.814
 10  20   38.613
 10  21   38.804
 10  22   38.340
 10  23   39.125
 10  24   39.986
 10  25   40.454
 10  26   41.393
 10  27   41.333
 10  28   41.790
 10  29   42.698
 10  30   42.108
 10  31   39.575
 10  32   38.465
 10  33   40.325
 10  34   42.509
 10  35   44.167
 10  36   48.029
 10  37   53.752
 10  38   58.825
 10  39   63.611
 10  40   66.990
 10  41   71.804
 10  42   80.135
 10  43   87.492
 10  44   94.466
 10  45  101.857
 10  46  109.117
 10  47  118.827
 10  48  126.890
 10  49  135.978
 10  50  150.159
 10  51  169.426
 11   0   23.349
 11   1   24.639
 11   2   24.497
 11   3   23.237
 11   4   25.347
 11   5   26.732
 11   6   27.343
 11   7   29.538
 11   8   31.548
 11   9   33.088
 11  10   35.275
 11  11   37.513
 11  12   39.420
 11  13   41.001
 11  14   42.485
 11  15   42.854
 11  16   43.096
 11  17   41.925
 11  18   41.257
 11  19   39.106
 11  20   40.878
 11  21   41.769
 11  22   41.561
 11  23   42.241
 11  24   42.883
 11  25   43.195
 11  26   44.650
 11  27   43.928
 11  28   44.593
 11  29   46.290
 11  30   45.579
 11  31   41.190
 11  32   39.806
 11  33   42.306
 11  34   44.352
 11  35   45.722
 11  36   50.712
 11  37   56.873
 11  38   60.989
 11  39   66.815
 11  40   68.386
 11  41   75.270
 11  42   84.282
 11  43   91.541
 11  44   98.620
 11  45  106.010
 11  46  113.267
 11  47  122.971
 11  48  130.960
 11  49  140.109
 11  50  151.510
 11  51  170.466
 12   0   23.679
 12   1   25.068
 12   2   24.931
 12   3   22.294
 12   4   25.388
 12   5   25.181
 12   6   26.252
 12   7   28.350
 12   8   31.215
 12   9   33.377
 12  10   35.934
 12  11   38.365
 12  12   39.653
 12  13   38.328
 12  14   38.805
 12  15   38.138
 12  16   39.900
 12  17   34.996
 12  18   33.500
 12  19   30.486
 12  20   33.061
 12  21   36.339
 12  22   39.064
 12  23   37.102
 12  24   36.446
 12  25   36.112
 12  26   38.590
 12  27   36.345
 12  28   37.287
 12  29   41.528
 12  30   42.710
 12  31   32.839
 12  32   31.148
 12  33   34.055
 12  34   36.014
 12  35   37.153
 12  36   43.103
 12  37   49.987
 12  38   52.839
 12  39   60.183
 12  40   59.723
 12  41   69.215
 12  42   86.606
 12  43   89.708
 12  44  101.642
 12  45  108.947
 12  46  115.913
 12  47  124.942
 12  48  129.609
 12  49  141.121
 12  50  142.822
 12  51  161.635
 13   0   24.198
 13   1   25.870
 13   2   25.735
 13   3   21.972
 13   4   25.738
 13   5   24.600
 13   6   25.848
 13   7   27.895
 13   8   31.191
 13   9   33.835
 13  10   36.751
 13  11   39.318
 13  12   39.858
 13  13   37.381
 13  14   37.720
 13  15   36.966
 13  16   38.894
 13  17   33.715
 13  18   32.196
 13  19   29.162
 13  20   31.747
 13  21   35.091
 13  22   38.059
 13  23   35.864
 13  24   35.161
 13  25   34.810
 13  26   37.311
 13  27   35.034
 13  28   35.980
 13  29   40.297
 13  30   41.638
 13  31   31.518
 13  32   29.823
 13  33   32.735
 13  34   34.693
 13  35   35.829
 13  36   41.791
 13  37   48.687
 13  38   51.520
 13  39   58.888
 13  40   58.399
 13  41   67.933
 13  42   88.044
 13  43   88.723
 13  44  105.475
 13  45  112.292
 13  46  118.122
 13  47  125.806
 13  48  128.706
 13  49  141.086
 13  50  141.497
 13  51  160.308
 14   0   24.881
 14   1   26.501
 14   2   26.366
 14   3   22.429
 14   4   26.287
 14   5   25.028
 14   6   26.294
 14   7   28.333
 14   8   31.677
 14   9   34.392
 14  10   37.369
 14  11   39.957
 14  12   40.368
 14  13   37.760
 14  14   38.084
 14  15   37.323
 14  16   39.265
 14  17   34.063
 14  18   32.543
 14  19   29.507
 14  20   32.093
 14  21   35.440
 14  22   38.422
 14  23   36.213
 14  24   35.508
 14  25   35.156
 14  26   37.658
 14  27   35.379
 14  28   36.324
 14  29   40.644
 14  30   41.993
 14  31   31.861
 14  32   30.165
 14  33   33.077
 14  34   35.036
 14  35   36.171
 14  36   42.134
 14  37   49.030
 14  38   51.862
 14  39   59.231
 14  40   58.741
 14  41   68.277
 14  42   88.560
 14  43   89.078
 14  44  106.451
 14  45  113.128
 14  46  118.736
 14  47  126.268
 14  48  129.063
 14  49  141.486
 14  50  141.840
 14  51  160.651
 15   0   25.523
 15   1   27.285
 15   2   27.150
 15   3   23.164
 15   4   27.045
 15   5   25.748
 15   6   27.018
 15   7   29.049
 15   8   32.397
 15   9   35.136
 15  10   38.133
 15  11   40.721
 15  12   41.089
 15  13   38.437
 15  14   38.744
 15  15   37.979
 15  16   39.926
 15  17   34.715
 15  18   33.194
 15  19   30.147
 15  20   32.733
 15  21   36.081
 15  22   39.063
 15  23   36.851
 15  24   36.145
 15  25   35.794
 15  26   38.294
 15  27   36.012
 15  28   36.952
 15  29   41.271
 15  30   42.618
 15  31   32.485
 15  32   30.790
 15  33   33.702
 15  34   35.660
 15  35   36.795
 15  36   42.758
 15  37   49.654
 15  38   52.487
 15  39   59.855
 15  40   59.365
 15  41   68.900
 15  42   89.114
 15  43   89.697
 15  44  106.805
 15  45  113.546
 15  46  119.249
 15  47  126.844
 15  48  129.682
 15  49  142.088
 15  50  142.464
 15  51  161.275
 16   0   26.250
 16   1   27.256
 16   2   27.118
 16   3   23.537
 16   4   27.196
 16   5   26.192
 16   6   27.413
 16   7   29.450
 16   8   32.673
 16   9   35.270
 16  10   38.161
 16  11   40.735
 16  12   41.362
 16  13   38.934
 16  14   39.242
 16  15   38.480
 16  16   40.394
 16  17   35.225
 16  18   33.707
 16  19   30.650
 16  20   33.236
 16  21   36.580
 16  22   39.545
 16  23   37.349
 16  24   36.646
 16  25   36.294
 16  26   38.791
 16  27   36.502
 16  28   37.432
 16  29   41.751
 16  30   43.080
 16  31   32.958
 16  32   31.263
 16  33   34.175
 16  34   36.134
 16  35   37.269
 16  36   43.232
 16  37   50.128
 16  38   52.961
 16  39   60.329
 16  40   59.839
 16  41   69.375
 16  42   89.683
 16  43   90.178
 16  44  107.649
 16  45  114.302
 16  46  119.873
 16  47  127.383
 16  48  130.164
 16  49  142.592
 16  50  142.938
 16  51  161.748
 17   0   26.894
 17   1   29.847
 17   2   29.722
 17   3   24.855
 17   4   29.161
 17   5   27.307
 17   6   28.619
 17   7   30.500
 17   8   33.878
 17   9   37.013
 17  10   40.472
 17  11   43.173
 17  12   42.704
 17  13   39.345
 17  14   39.464
 17  15   38.643
 17  16   40.605
 17  17   35.273
 17  18   33.743
 17  19   30.627
 17  20   33.215
 17  21   36.576
 17  22   39.594
 17  23   37.334
 17  24   36.616
 17  25   36.245
 17  26   38.716
 17  27   36.394
 17  28   37.267
 17  29   41.592
 17  30   42.900
 17  31   32.754
 17  32   31.062
 17  33   33.973
 17  34   35.932
 17  35   37.067
 17  36   43.030
 17  37   49.926
 17  38   52.759
 17  39   60.128
 17  40   59.637
 17  41   69.173
 17  42   89.517
 17  43   89.978
 17  44  107.595
 17  45  114.211
 17  46  119.728
 17  47  127.205
 17  48  129.964
 17  49  142.401
 17  50  142.735
 17  51  161.546
 18   0   28.349
 18   1   31.708
 18   2   31.576
 18   3   25.229
 18   4   29.852
 18   5   27.447
 18   6   28.572
 18   7   30.188
 18   8   32.571
 18   9   34.165
 18  10   35.417
 18  11   36.590
 18  12   37.724
 18  13   37.522
 18  14   37.972
 18  15   37.514
 18  16   38.718
 18  17   34.272
 18  18   32.737
 18  19   29.732
 18  20   31.876
 18  21   33.819
 18  22   34.268
 18  23   34.291
 18  24   34.429
 18  25   34.385
 18  26   36.069
 18  27   34.636
 18  28   35.316
 18  29   37.913
 18  30   37.806
 18  31   31.360
 18  32   29.759
 18  33   32.460
 18  34   34.470
 18  35   35.706
 18  36   41.124
 18  37   47.557
 18  38   51.170
 18  39   57.604
 18  40   58.321
 18  41   66.194
 18  42   75.973
 18  43   83.091
 18  44   90.319
 18  45   97.708
 18  46  104.962
 18  47  114.656
 18  48  122.539
 18  49  131.764
 18  50  141.431
 18  51  160.313
 19   0   29.812
 19   1   34.944
 19   2   34.812
 19   3   27.594
 19   4   32.089
 19   5   29.556
 19   6   30.370
 19   7   31.612
 19   8   33.083
 19   9   33.956
 19  10   34.794
 19  11   35.867
 19  12   37.099
 19  13   37.643
 19  14   38.301
 19  15   38.002
 19  16   38.522
 19  17   34.709
 19  18   33.155
 19  19   30.246
 19  20   31.911
 19  21   33.016
 19  22   32.913
 19  23   33.388
 19  24   33.886
 19  25   34.031
 19  26   35.303
 19  27   34.363
 19  28   34.912
 19  29   36.747
 19  30   36.290
 19  31   31.366
 19  32   29.864
 19  33   32.332
 19  34   34.395
 19  35   35.742
 19  36   40.645
 19  37   46.773
 19  38   50.966
 19  39   56.737
 19  40   58.409
 19  41   65.118
 19  42   74.040
 19  43   81.312
 19  44   88.376
 19  45   95.767
 19  46  103.024
 19  47  112.728
 19  48  120.729
 19  49  129.857
 19  50  141.533
 19  51  160.505
 20   0   31.513
 20   1   38.657
 20   2   38.519
 20   3   29.186
 20   4   33.965
 20   5   30.837
 20   6   31.482
 20   7   32.282
 20   8   33.986
 20   9   35.523
 20  10   36.639
 20  11   37.728
 20  12   38.823
 20  13   38.480
 20  14   38.584
 20  15   37.734
 20  16   38.508
 20  17   33.506
 20  18   31.949
 20  19   28.768
 20  20   30.975
 20  21   33.061
 20  22   33.632
 20  23   33.535
 20  24   33.518
 20  25   33.278
 20  26   34.943
 20  27   33.178
 20  28   33.816
 20  29   36.712
 20  30   36.634
 20  31   29.623
 20  32   28.000
 20  33   30.748
 20  34   32.747
 20  35   33.961
 20  36   39.488
 20  37   46.003
 20  38   49.473
 20  39   56.074
 20  40   56.564
 20  41   64.727
 20  42   74.863
 20  43   81.903
 20  44   89.213
 20  45   96.602
 20  46  103.854
 20  47  113.542
 20  48  121.367
 20  49  130.640
 20  50  139.672
 20  51  158.538
 21   0   33.072
 21   1   41.490
 21   2   41.132
 21   3   29.509
 21   4   33.528
 21   5   30.214
 21   6   30.208
 21   7   30.450
 21   8   31.745
 21   9   33.167
 21  10   34.208
 21  11   35.277
 21  12   36.403
 21  13   36.170
 21  14   36.228
 21  15   35.310
 21  16   35.907
 21  17   30.800
 21  18   29.220
 21  19   26.051
 21  20   28.147
 21  21   29.980
 21  22   30.326
 21  23   30.402
 21  24   30.413
 21  25   30.195
 21  26   31.752
 21  27   30.088
 21  28   30.672
 21  29   33.260
 21  30   32.986
 21  31   26.568
 21  32   24.971
 21  33   27.654
 21  34   29.668
 21  35   30.912
 21  36   36.286
 21  37   42.690
 21  38   46.357
 21  39   52.728
 21  40   53.530
 21  41   61.294
 21  42   70.960
 21  43   78.100
 21  44   85.304
 21  45   92.694
 21  46   99.948
 21  47  109.643
 21  48  117.544
 21  49  126.755
 21  50  136.641
 21  51  155.530
 22   0   34.520
 22   1   40.173
 22   2   39.650
 22   3   29.476
 22   4   31.684
 22   5   29.292
 22   6   28.635
 22   7   28.775
 22   8   29.147
 22   9   29.707
 22  10   30.380
 22  11   31.404
 22  12   32.675
 22  13   33.476
 22  14   34.111
 22  15   33.746
 22  16   33.630
 22  17   29.760
 22  18   28.078
 22  19   25.205
 22  20   26.348
 22  21   26.877
 22  22   26.520
 22  23   27.180
 22  24   27.825
 22  25   28.024
 22  26   28.962
 22  27   28.257
 22  28   28.582
 22  29   29.716
 22  30   28.966
 22  31   25.433
 22  32   24.098
 22  33   26.174
 22  34   28.318
 22  35   29.847
 22  36   34.041
 22  37   39.873
 22  38   44.697
 22  39   49.767
 22  40   52.609
 22  41   57.989
 22  42   66.442
 22  43   73.783
 22  44   80.775
 22  45   88.166
 22  46   95.425
 22  47  105.133
 22  48  113.185
 22  49  122.270
 22  50  135.759
 22  51  154.909
 23   0   33.858
 23   1   39.495
 23   2   38.850
 23   3   25.349
 23   4   29.609
 23   5   25.844
 23   6   25.865
 23   7   26.009
 23   8   27.770
 23   9   30.137
 23  10   31.889
 23  11   33.067
 23  12   33.863
 23  13   32.265
 23  14   31.903
 23  15   30.695
 23  16   31.595
 23  17   25.940
 23  18   24.384
 23  19   21.101
 23  20   23.498
 23  21   26.121
 23  22   27.320
 23  23   26.644
 23  24   26.140
 23  25   25.670
 23  26   27.514
 23  27   25.357
 23  28   26.009
 23  29   29.363
 23  30   29.506
 23  31   21.628
 23  32   19.980
 23  33   22.792
 23  34   24.775
 23  35   25.958
 23  36   31.650
 23  37   38.295
 23  38   41.540
 23  39   48.408
 23  40   48.548
 23  41   57.178
 23  42   68.149
 23  43   74.971
 23  44   82.514
 23  45   89.901
 23  46   97.147
 23  47  106.819
 23  48  114.477
 23  49  123.887
 23  50  131.652
 23  51  150.496
 24   0   33.055
 24   1   38.664
 24   2   37.192
 24   3   29.615
 24   4   27.303
 24   5   26.350
 24   6   24.706
 24   7   24.807
 24   8   24.304
 24   9   24.396
 24  10   24.927
 24  11   25.936
 24  12   27.258
 24  13   28.570
 24  14   29.686
 24  15   30.052
 24  16   29.089
 24  17   27.375
 24  18   25.388
 24  19   23.672
 24  20   22.396
 24  21   21.813
 24  22   21.146
 24  23   22.052
 24  24   23.079
 24  25   23.644
 24  26   24.115
 24  27   24.315
 24  28   24.357
 24  29   24.542
 24  30   23.624
 24  31   22.853
 24  32   22.457
 24  33   22.810
 24  34   25.212
 24  35   27.481
 24  36   29.684
 24  37   35.079
 24  38   41.034
 24  39   44.886
 24  40   50.760
 24  41   52.930
 24  42   60.967
 24  43   68.360
 24  44   75.296
 24  45   82.687
 24  46   89.947
 24  47   99.659
 24  48  107.750
 24  49  116.803
 24  50  134.077
 24  51  154.883
 25   0   30.535
 25   1   36.643
 25   2   36.448
 25   3   27.643
 25   4   31.672
 25   5   28.201
 25   6   28.200
 25   7   28.360
 25   8   30.021
 25   9   32.159
 25  10   33.703
 25  11   34.848
 25  12   35.754
 25  13   34.506
 25  14   34.224
 25  15   33.062
 25  16   33.910
 25  17   28.339
 25  18   26.780
 25  19   23.503
 25  20   25.849
 25  21   28.312
 25  22   29.282
 25  23   28.802
 25  24   28.408
 25  25   27.983
 25  26   29.763
 25  27   27.701
 25  28   28.334
 25  29   31.499
 25  30   31.526
 25  31   24.010
 25  32   22.371
 25  33   25.157
 25  34   27.147
 25  35   28.342
 25  36   33.965
 25  37   40.553
 25  38   43.895
 25  39   50.648
 25  40   50.937
 25  41   59.365
 25  42   69.921
 25  43   76.858
 25  44   84.279
 25  45   91.667
 25  46   98.916
 25  47  108.596
 25  48  116.342
 25  49  125.680
 25  50  134.043
 25  51  152.896
 26   0   29.625
 26   1   29.042
 26   2   28.889
 26   3   27.013
 26   4   28.666
 26   5   28.564
 26   6   27.931
 26   7   28.385
 26   8   28.424
 26   9   28.740
 26  10   29.357
 26  11   30.388
 26  12   31.699
 26  13   32.830
 26  14   33.752
 26  15   33.778
 26  16   33.206
 26  17   30.361
 26  18   28.563
 26  19   26.076
 26  20   26.246
 26  21   26.142
 26  22   25.586
 26  23   26.401
 26  24   27.276
 26  25   27.682
 26  26   28.353
 26  27   28.145
 26  28   28.323
 26  29   28.908
 26  30   28.053
 26  31   25.921
 26  32   24.902
 26  33   26.339
 26  34   28.595
 26  35   30.413
 26  36   33.711
 26  37   39.295
 26  38   44.722
 26  39   49.138
 26  40   53.348
 26  41   57.252
 26  42   65.443
 26  43   72.817
 26  44   79.773
 26  45   87.164
 26  46   94.424
 26  47  104.135
 26  48  112.211
 26  49  121.276
 26  50  136.549
 26  51  156.093
 27   0   28.018
 27   1   28.976
 27   2   28.837
 27   3   26.883
 27   4   29.406
 27   5   29.382
 27   6   29.757
 27   7   30.698
 27   8   32.652
 27   9   34.999
 27  10   37.165
 27  11   38.741
 27  12   39.616
 27  13   37.831
 27  14   37.437
 27  15   36.200
 27  16   37.170
 27  17   31.439
 27  18   29.892
 27  19   26.583
 27  20   29.033
 27  21   31.837
 27  22   33.308
 27  23   32.362
 27  24   31.727
 27  25   31.203
 27  26   33.111
 27  27   30.858
 27  28   31.525
 27  29   35.088
 27  30   35.418
 27  31   27.092
 27  32   25.431
 27  33   28.270
 27  34   30.247
 27  35   31.417
 27  36   37.177
 27  37   43.881
 27  38   47.027
 27  39   54.014
 27  40   54.001
 27  41   62.841
 27  42   74.374
 27  43   81.019
 27  44   88.752
 27  45   96.138
 27  46  103.379
 27  47  113.036
 27  48  120.557
 27  49  130.078
 27  50  137.104
 27  51  155.939
 28   0   28.238
 28   1   27.242
 28   2   27.099
 28   3   24.363
 28   4   27.385
 28   5   26.733
 28   6   27.320
 28   7   28.371
 28   8   30.362
 28   9   32.464
 28  10   34.231
 28  11   35.600
 28  12   36.583
 28  13   35.390
 28  14   35.184
 28  15   34.063
 28  16   34.944
 28  17   29.418
 28  18   27.860
 28  19   24.573
 28  20   26.920
 28  21   29.385
 28  22   30.340
 28  23   29.840
 28  24   29.442
 28  25   29.002
 28  26   30.716
 28  27   28.772
 28  28   29.405
 28  29   32.541
 28  30   32.543
 28  31   25.090
 28  32   23.453
 28  33   26.235
 28  34   28.225
 28  35   29.423
 28  36   35.035
 28  37   41.614
 28  38   44.971
 28  39   51.705
 28  40   52.019
 28  41   60.414
 28  42   70.913
 28  43   77.865
 28  44   85.270
 28  45   92.658
 28  46   99.908
 28  47  109.589
 28  48  117.347
 28  49  126.675
 28  50  135.125
 28  51  153.980
 29   0   28.372
 29   1   29.411
 29   2   29.273
 29   3   25.304
 29   4   28.317
 29   5   26.865
 29   6   26.870
 29   7   27.453
 29   8   28.027
 29   9   28.603
 29  10   29.294
 29  11   30.331
 29  12   31.608
 29  13   32.441
 29  14   33.131
 29  15   32.830
 29  16   32.668
 29  17   28.952
 29  18   27.254
 29  19   24.408
 29  20   25.423
 29  21   25.845
 29  22   25.437
 29  23   26.119
 29  24   26.790
 29  25   26.928
 29  26   27.612
 29  27   27.466
 29  28   27.728
 29  29   28.631
 29  30   27.830
 29  31   24.844
 29  32   23.609
 29  33   25.474
 29  34   27.658
 29  35   29.284
 29  36   33.154
 29  37   38.884
 29  38   43.947
 29  39   48.756
 29  40   52.100
 29  41   56.931
 29  42   65.265
 29  43   72.621
 29  44   79.597
 29  45   86.987
 29  46   94.247
 29  47  103.956
 29  48  112.020
 29  49  121.095
 29  50  135.266
 29  51  154.529
 30   0   29.356
 30   1   32.985
 30   2   32.835
 30   3   24.262
 30   4   28.610
 30   5   25.543
 30   6   25.862
 30   7   26.369
 30   8   27.745
 30   9   29.086
 30  10   30.081
 30  11   31.147
 30  12   32.290
 30  13   32.178
 30  14   32.318
 30  15   31.458
 30  16   31.980
 30  17   26.994
 30  18   25.401
 30  19   22.224
 30  20   24.214
 30  21   25.835
 30  22   26.007
 30  23   26.195
 30  24   26.281
 30  25   25.636
 30  26   25.910
 30  27   28.764
 30  28   28.867
 30  29   29.376
 30  30   28.470
 30  31   26.390
 30  32   25.385
 30  33   26.775
 30  34   29.039
 30  35   30.877
 30  36   34.117
 30  37   39.689
 30  38   45.149
 30  39   49.530
 30  40   53.825
 30  41   57.638
 30  42   65.818
 30  43   73.194
 30  44   80.148
 30  45   87.539
 30  46   94.799
 30  47  104.510
 30  48  112.588
 30  49  121.651
 30  50  137.030
 30  51  156.610
 31   0   27.594
 31   1   35.013
 31   2   34.663
 31   3   23.120
 31   4   26.875
 31   5   23.636
 31   6   23.519
 31   7   23.719
 31   8   24.895
 31   9   26.188
 31  10   27.162
 31  11   28.222
 31  12   29.369
 31  13   29.259
 31  14   29.362
 31  15   28.472
 31  16   28.989
 31  17   23.954
 31  18   22.363
 31  19   19.268
 31  20   21.263
 31  21   22.893
 31  22   23.074
 31  23   23.256
 31  24   23.324
 31  25   22.638
 31  26   22.864
 31  27   25.951
 31  28   25.919
 31  29   26.800
 31  30   28.305
 31  31   25.067
 31  32   23.711
 31  33   26.498
 31  34   28.511
 31  35   29.750
 31  36   35.340
 31  37   41.883
 31  38   45.286
 31  39   51.940
 31  40   52.355
 31  41   60.686
 31  42   71.074
 31  43   78.054
 31  44   85.429
 31  45   92.818
 31  46  100.068
 31  47  109.751
 31  48  117.530
 31  49  126.839
 31  50  135.463
 31  51  154.320
 32   0   28.850
 32   1   30.083
 32   2   29.859
 32   3   19.087
 32   4   23.303
 32   5   19.620
 32   6   19.648
 32   7   19.804
 32   8   21.571
 32   9   23.943
 32  10   25.706
 32  11   26.888
 32  12   27.644
 32  13   25.940
 32  14   25.557
 32  15   24.335
 32  16   25.262
 32  17   19.570
 32  18   18.017
 32  19   14.716
 32  20   17.125
 32  21   19.788
 32  22   21.034
 32  23   20.283
 32  24   19.702
 32  25   18.563
 32  26   18.731
 32  27   23.970
 32  28   23.531
 32  29   25.175
 32  30   26.583
 32  31   20.705
 32  32   19.115
 32  33   21.974
 32  34   23.953
 32  35   25.125
 32  36   30.932
 32  37   37.671
 32  38   40.753
 32  39   47.809
 32  40   47.707
 32  41   56.696
 32  42   68.760
 32  43   75.213
 32  44   83.154
 32  45   90.538
 32  46   97.773
 32  47  107.414
 32  48  114.784
 32  49  124.424
 32  50  130.809
 32  51  149.638
 33   0   29.299
 33   1   30.625
 33   2   29.480
 33   3   14.051
 33   4   18.497
 33   5   14.581
 33   6   14.656
 33   7   14.799
 33   8   16.739
 33   9   19.608
 33  10   22.007
 33  11   23.321
 33  12   23.663
 33  13   21.076
 33  14   20.548
 33  15   19.245
 33  16   20.263
 33  17   14.428
 33  18   12.881
 33  19    9.534
 33  20   12.029
 33  21   15.000
 33  22   16.781
 33  23   15.516
 33  24   14.707
 33  25   13.449
 33  26   13.606
 33  27   19.732
 33  28   19.089
 33  29   21.287
 33  30   22.568
 33  31   15.577
 33  32   13.945
 33  33   16.810
 33  34   18.783
 33  35   19.947
 33  36   25.775
 33  37   32.536
 33  38   35.584
 33  39   42.683
 33  40   42.527
 33  41   51.584
 33  42   63.942
 33  43   70.277
 33  44   78.345
 33  45   85.728
 33  46   92.959
 33  47  102.589
 33  48  109.867
 33  49  119.580
 33  50  125.629
 33  51  144.456
 34   0   31.499
 34   1   31.086
 34   2   27.515
 34   3   18.978
 34   4   16.120
 34   5   15.224
 34   6   13.526
 34   7   13.624
 34   8   13.092
 34   9   13.171
 34  10   13.699
 34  11   14.707
 34  12   16.028
 34  13   17.342
 34  14   18.433
 34  15   18.752
 34  16   17.691
 34  17   16.062
 34  18   14.040
 34  19   12.420
 34  20   10.969
 34  21   10.346
 34  22    9.662
 34  23   10.566
 34  24   11.569
 34  25   12.064
 34  26   12.447
 34  27   12.649
 34  28   12.694
 34  29   13.122
 34  30   14.442
 34  31   15.093
 34  32   15.871
 34  33   16.682
 34  34   19.131
 34  35   21.629
 34  36   23.779
 34  37   29.140
 34  38   35.138
 34  39   38.909
 34  40   45.002
 34  41   47.019
 34  42   55.045
 34  43   62.440
 34  44   69.375
 34  45   76.766
 34  46   84.026
 34  47   93.738
 34  48  101.830
 34  49  110.881
 34  50  128.353
 34  51  149.411
 35   0   31.930
 35   1   33.848
 35   2   33.020
 35   3   19.097
 35   4   22.572
 35   5   19.336
 35   6   19.091
 35   7   19.224
 35   8   20.321
 35   9   21.564
 35  10   22.515
 35  11   23.571
 35  12   24.718
 35  13   24.614
 35  14   24.703
 35  15   23.802
 35  16   24.269
 35  17   19.282
 35  18   17.687
 35  19   14.475
 35  20   16.456
 35  21   18.059
 35  22   18.212
 35  23   18.402
 35  24   18.476
 35  25   17.785
 35  26   17.996
 35  27   21.193
 35  28   21.053
 35  29   21.890
 35  30   23.205
 35  31   20.103
 35  32   18.797
 35  33   21.407
 35  34   23.456
 35  35   24.777
 35  36   29.938
 35  37   36.194
 35  38   40.123
 35  39   46.175
 35  40   47.421
 35  41   54.680
 35  42   63.924
 35  43   71.144
 35  44   78.264
 35  45   85.654
 35  46   92.910
 35  47  102.611
 35  48  110.571
 35  49  119.732
 35  50  130.539
 35  51  149.464
 36   0   32.195
 36   1   33.410
 36   2   32.917
 36   3   21.508
 36   4   24.518
 36   5   21.607
 36   6   21.214
 36   7   21.346
 36   8   22.154
 36   9   23.083
 36  10   23.892
 36  11   24.932
 36  12   26.140
 36  13   26.440
 36  14   26.729
 36  15   25.998
 36  16   26.241
 36  17   21.631
 36  18   20.008
 36  19   16.881
 36  20   18.601
 36  21   19.779
 36  22   19.684
 36  23   20.089
 36  24   20.385
 36  25   19.900
 36  26   20.133
 36  27   22.664
 36  28   22.583
 36  29   23.285
 36  30   24.585
 36  31   22.074
 36  32   20.854
 36  33   23.367
 36  34   25.443
 36  35   26.824
 36  36   31.757
 36  37   37.886
 36  38   42.060
 36  39   47.831
 36  40   49.493
 36  41   56.257
 36  42   65.206
 36  43   72.475
 36  44   79.543
 36  45   86.933
 36  46   94.191
 36  47  103.894
 36  48  111.892
 36  49  121.022
 36  50  132.618
 36  51  151.585
 37   0   32.466
 37   1   33.027
 37   2   32.708
 37   3   22.384
 37   4   25.719
 37   5   22.639
 37   6   22.366
 37   7   22.507
 37   8   23.526
 37   9   24.672
 37  10   25.578
 37  11   26.629
 37  12   27.797
 37  13   27.821
 37  14   27.970
 37  15   27.117
 37  16   27.520
 37  17   22.638
 37  18   21.036
 37  19   17.851
 37  20   19.760
 37  21   21.237
 37  22   21.310
 37  23   21.571
 37  24   21.715
 37  25   21.085
 37  26   21.282
 37  27   24.252
 37  28   24.112
 37  29   24.931
 37  30   26.139
 37  31   21.893
 37  32   20.178
 37  33   22.879
 37  34   24.898
 37  35   26.154
 37  36   31.542
 37  37   37.948
 37  38   41.604
 37  39   47.978
 37  40   48.770
 37  41   56.566
 37  42   66.264
 37  43   73.398
 37  44   80.609
 37  45   87.998
 37  46   95.252
 37  47  104.947
 37  48  112.843
 37  49  122.057
 37  50  131.881
 37  51  150.769
 38   0   33.361
 38   1   33.327
 38   2   32.951
 38   3   22.644
 38   4   25.712
 38   5   22.803
 38   6   22.437
 38   7   22.578
 38   8   23.417
 38   9   24.372
 38  10   25.192
 38  11   26.233
 38  12   27.437
 38  13   27.707
 38  14   27.980
 38  15   27.236
 38  16   27.494
 38  17   22.855
 38  18   21.234
 38  19   18.105
 38  20   19.847
 38  21   21.056
 38  22   20.979
 38  23   21.371
 38  24   21.653
 38  25   21.150
 38  26   21.180
 38  27   23.797
 38  28   23.622
 38  29   24.415
 38  30   25.175
 38  31   20.301
 38  32   18.390
 38  33   20.946
 38  34   22.990
 38  35   24.291
 38  36   29.371
 38  37   35.594
 38  38   39.600
 38  39   45.586
 38  40   46.933
 38  41   54.016
 38  42   63.147
 38  43   70.386
 38  44   77.485
 38  45   84.875
 38  46   92.132
 38  47  101.834
 38  48  109.809
 38  49  118.958
 38  50  130.052
 38  51  148.990
 39   0   34.177
 39   1   35.290
 39   2   34.493
 39   3   22.942
 39   4   25.332
 39   5   22.790
 39   6   22.192
 39   7   22.323
 39   8   22.794
 39   9   23.433
 39  10   24.131
 39  11   25.158
 39  12   26.412
 39  13   27.071
 39  14   27.584
 39  15   27.078
 39  16   27.029
 39  17   22.943
 39  18   21.276
 39  19   18.294
 39  20   19.611
 39  21   20.305
 39  22   19.995
 39  23   20.586
 39  24   21.100
 39  25   20.824
 39  26   20.535
 39  27   22.701
 39  28   22.518
 39  29   23.047
 39  30   23.457
 39  31   19.179
 39  32   17.336
 39  33   19.602
 39  34   21.703
 39  35   23.121
 39  36   27.650
 39  37   33.610
 39  38   38.154
 39  39   43.543
 39  40   45.826
 39  41   51.808
 39  42   60.436
 39  43   67.752
 39  44   74.769
 39  45   82.160
 39  46   89.418
 39  47   99.125
 39  48  107.159
 39  49  116.260
 39  50  128.962
 39  51  148.018
 40   0   33.933
 40   1   37.369
 40   2   35.908
 40   3   23.813
 40   4   25.495
 40   5   23.309
 40   6   22.489
 40   7   22.613
 40   8   22.803
 40   9   23.247
 40  10   23.881
 40  11   24.901
 40  12   26.180
 40  13   27.070
 40  14   27.757
 40  15   27.455
 40  16   27.151
 40  17   23.573
 40  18   21.854
 40  19   19.048
 40  20   19.920
 40  21   20.231
 40  22   19.785
 40  23   20.489
 40  24   21.100
 40  25   20.700
 40  26   20.154
 40  27   22.253
 40  28   22.004
 40  29   22.275
 40  30   22.599
 40  31   18.512
 40  32   16.691
 40  33   18.855
 40  34   20.976
 40  35   22.435
 40  36   26.789
 40  37   32.682
 40  38   37.374
 40  39   42.601
 40  40   45.164
 40  41   50.829
 40  42   59.358
 40  43   66.689
 40  44   73.691
 40  45   81.082
 40  46   88.341
 40  47   98.049
 40  48  106.092
 40  49  115.184
 40  50  128.306
 40  51  147.409
 41   0   33.819
 41   1   36.745
 41   2   35.775
 41   3   22.661
 41   4   25.772
 41   5   22.779
 41   6   22.415
 41   7   22.548
 41   8   23.409
 41   9   24.386
 41  10   25.216
 41  11   26.257
 41  12   27.457
 41  13   27.698
 41  14   27.956
 41  15   27.197
 41  16   27.473
 41  17   22.803
 41  18   21.184
 41  19   18.058
 41  20   19.819
 41  21   21.057
 41  22   20.996
 41  23   21.362
 41  24   20.985
 41  25   19.223
 41  26   18.008
 41  27   22.164
 41  28   21.490
 41  29   22.475
 41  30   22.732
 41  31   15.834
 41  32   13.761
 41  33   16.435
 41  34   18.449
 41  35   19.688
 41  36   25.039
 41  37   31.430
 41  38   35.122
 41  39   41.472
 41  40   42.302
 41  41   50.011
 41  42   59.623
 41  43   66.774
 41  44   73.967
 41  45   81.356
 41  46   88.611
 41  47   98.307
 41  48  106.216
 41  49  115.420
 41  50  125.413
 41  51  144.306
 42   0   35.007
 42   1   35.990
 42   2   34.647
 42   3   20.744
 42   4   23.963
 42   5   20.889
 42   6   20.559
 42   7   20.689
 42   8   21.622
 42   9   22.675
 42  10   23.537
 42  11   24.582
 42  12   25.768
 42  13   25.914
 42  14   26.121
 42  15   25.319
 42  16   25.650
 42  17   20.884
 42  18   19.273
 42  19   16.118
 42  20   17.950
 42  21   19.296
 42  22   19.279
 42  23   19.513
 42  24   18.414
 42  25   16.311
 42  26   14.974
 42  27   19.136
 42  28   18.312
 42  29   19.158
 42  30   19.385
 42  31   12.698
 42  32   10.636
 42  33   13.280
 42  34   15.300
 42  35   16.552
 42  36   21.835
 42  37   28.182
 42  38   31.956
 42  39   38.212
 42  40   39.172
 42  41   46.717
 42  42   56.182
 42  43   63.361
 42  44   70.524
 42  45   77.914
 42  46   85.169
 42  47   94.867
 42  48  102.797
 42  49  111.984
 42  50  122.286
 42  51  141.189
 43   0   36.958
 43   1   36.748
 43   2   34.035
 43   3   20.945
 43   4   22.602
 43   5   20.393
 43   6   19.568
 43   7   19.684
 43   8   19.889
 43   9   20.345
 43  10   20.982
 43  11   22.002
 43  12   23.280
 43  13   24.157
 43  14   24.832
 43  15   24.516
 43  16   24.228
 43  17   20.614
 43  18   18.899
 43  19   16.072
 43  20   16.982
 43  21   17.318
 43  22   16.832
 43  23   17.211
 43  24   16.454
 43  25   14.580
 43  26   13.298
 43  27   16.291
 43  28   15.517
 43  29   15.731
 43  30   15.954
 43  31   10.960
 43  32    9.025
 43  33   11.382
 43  34   13.464
 43  35   14.839
 43  36   19.531
 43  37   25.563
 43  38   29.957
 43  39   35.514
 43  40   37.523
 43  41   43.814
 43  42   52.553
 43  43   59.854
 43  44   66.888
 43  45   74.279
 43  46   81.536
 43  47   91.243
 43  48   99.264
 43  49  108.375
 43  50  120.653
 43  51  139.670
 44   0   40.915
 44   1   38.706
 44   2   34.936
 44   3   24.598
 44   4   23.386
 44   5   22.186
 44   6   20.703
 44   7   20.804
 44   8   20.413
 44   9   20.553
 44  10   21.097
 44  11   22.106
 44  12   23.421
 44  13   24.666
 44  14   25.683
 44  15   25.867
 44  16   24.970
 44  17   22.837
 44  18   20.913
 44  19   18.859
 44  20   18.141
 44  21   17.697
 44  22   16.667
 44  23   16.168
 44  24   14.179
 44  25   11.750
 44  26   10.326
 44  27   14.653
 44  28   13.753
 44  29   14.668
 44  30   14.878
 44  31    7.993
 44  32    5.921
 44  33    8.587
 44  34   10.603
 44  35   11.845
 44  36   17.177
 44  37   23.555
 44  38   27.271
 44  39   33.593
 44  40   34.461
 44  41   42.122
 44  42   51.690
 44  43   58.850
 44  44   66.033
 44  45   73.423
 44  46   80.677
 44  47   90.374
 44  48   98.290
 44  49  107.488
 44  50  117.573
 44  51  136.469
 45   0   45.359
 45   1   43.910
 45   2   40.141
 45   3   28.620
 45   4   28.431
 45   5   26.950
 45   6   25.658
 45   7   25.763
 45   8   25.516
 45   9   25.722
 45  10   26.285
 45  11   27.297
 45  12   28.604
 45  13   29.772
 45  14   30.708
 45  15   30.760
 45  16   30.022
 45  17   27.449
 45  18   25.594
 45  19   23.233
 45  20   22.956
 45  21   22.215
 45  22   20.489
 45  23   18.553
 45  24   16.190
 45  25   14.071
 45  26   12.599
 45  27   11.884
 45  28   11.124
 45  29   10.662
 45  30   10.906
 45  31    9.662
 45  32    8.809
 45  33    9.157
 45  34   11.544
 45  35   13.684
 45  36   15.985
 45  37   21.400
 45  38   27.313
 45  39   31.229
 45  40   36.899
 45  41   39.246
 45  42   47.295
 45  43   54.686
 45  44   61.624
 45  45   69.015
 45  46   76.275
 45  47   85.987
 45  48   94.076
 45  49  103.131
 45  50  120.191
 45  51  140.767
 46   0   51.190
 46   1   50.685
 46   2   46.995
 46   3   34.337
 46   4   35.090
 46   5   33.275
 46   6   32.202
 46   7   32.311
 46   8   32.255
 46   9   32.560
 46  10   33.151
 46  11   34.166
 46  12   35.462
 46  13   36.515
 46  14   37.342
 46  15   37.228
 46  16   36.692
 46  17   33.623
 46  18   31.839
 46  19   29.215
 46  20   29.472
 46  21   28.905
 46  22   26.650
 46  23   24.220
 46  24   21.525
 46  25   19.162
 46  26   17.674
 46  27   18.103
 46  28   17.325
 46  29   16.970
 46  30   17.225
 46  31   14.973
 46  32   13.602
 46  33   14.806
 46  34   17.088
 46  35   18.923
 46  36   22.004
 46  37   27.549
 46  38   33.093
 46  39   37.401
 46  40   41.895
 46  41   45.467
 46  42   53.620
 46  43   60.999
 46  44   67.950
 46  45   75.341
 46  46   82.601
 46  47   92.312
 46  48  100.392
 46  49  109.454
 46  50  125.107
 46  51  144.790
 47   0   57.453
 47   1   60.191
 47   2   58.764
 47   3   40.452
 47   4   44.776
 47   5   40.941
 47   6   40.971
 47   7   41.111
 47   8   42.904
 47   9   45.373
 47  10   47.241
 47  11   48.441
 47  12   49.122
 47  13   47.225
 47  14   46.802
 47  15   45.557
 47  16   46.496
 47  17   40.780
 47  18   39.227
 47  19   35.882
 47  20   38.288
 47  21   40.602
 47  22   35.748
 47  23   32.169
 47  24   28.868
 47  25   26.131
 47  26   24.640
 47  27   29.760
 47  28   28.751
 47  29   30.423
 47  30   30.680
 47  31   22.318
 47  32   20.192
 47  33   22.978
 47  34   24.967
 47  35   26.156
 47  36   31.779
 47  37   38.370
 47  38   41.709
 47  39   48.470
 47  40   48.746
 47  41   57.174
 47  42   67.734
 47  43   74.670
 47  44   82.091
 47  45   89.479
 47  46   96.728
 47  47  106.409
 47  48  114.154
 47  49  123.493
 47  50  131.851
 47  51  150.704
 48   0   65.137
 48   1   66.636
 48   2   63.801
 48   3   48.140
 48   4   51.136
 48   5   48.190
 48   6   47.783
 48   7   47.908
 48   8   48.702
 48   9   49.619
 48  10   50.425
 48  11   51.463
 48  12   52.673
 48  13   52.985
 48  14   53.281
 48  15   52.556
 48  16   52.792
 48  17   48.194
 48  18   46.569
 48  19   43.434
 48  20   45.072
 48  21   45.662
 48  22   42.086
 48  23   38.922
 48  24   35.801
 48  25   33.165
 48  26   31.673
 48  27   34.620
 48  28   33.765
 48  29   33.939
 48  30   34.198
 48  31   29.250
 48  32   27.317
 48  33   29.646
 48  34   31.734
 48  35   33.118
 48  36   37.758
 48  37   43.768
 48  38   48.209
 48  39   53.715
 48  40   55.808
 48  41   62.000
 48  42   70.701
 48  43   78.007
 48  44   85.036
 48  45   92.426
 48  46   99.684
 48  47  109.391
 48  48  117.416
 48  49  126.537
 48  50  138.940
 48  51  157.968
 49   0   72.665
 49   1   74.235
 49   2   71.723
 49   3   55.488
 49   4   58.872
 49   5   55.682
 49   6   55.403
 49   7   55.532
 49   8   56.564
 49   9   57.731
 49  10   58.645
 49  11   59.697
 49  12   60.860
 49  13   60.855
 49  14   60.989
 49  15   60.124
 49  16   60.544
 49  17   55.634
 49  18   54.032
 49  19   50.829
 49  20   52.700
 49  21   53.573
 49  22   49.510
 49  23   46.183
 49  24   42.987
 49  25   40.307
 49  26   38.816
 49  27   42.499
 49  28   41.604
 49  29   42.093
 49  30   42.351
 49  31   36.437
 49  32   34.419
 49  33   36.942
 49  34   38.990
 49  35   40.292
 49  36   45.309
 49  37   51.501
 49  38   55.571
 49  39   61.492
 49  40   62.938
 49  41   69.887
 49  42   78.938
 49  43   86.190
 49  44   93.276
 49  45  100.666
 49  46  107.923
 49  47  117.626
 49  48  125.611
 49  49  134.765
 49  50  146.058
 49  51  165.008
 50   0   86.016
 50   1   80.783
 50   2   76.688
 50   3   68.750
 50   4   65.151
 50   5   64.344
 50   6   62.581
 50   7   62.678
 50   8   62.106
 50   9   62.170
 50  10   62.693
 50  11   63.701
 50  12   65.023
 50  13   66.356
 50  14   67.468
 50  15   67.828
 50  16   66.722
 50  17   65.244
 50  18   63.180
 50  19   61.670
 50  20   59.812
 50  21   58.530
 50  22   56.658
 50  23   54.634
 50  24   52.329
 50  25   50.317
 50  26   48.828
 50  27   47.556
 50  28   46.801
 50  29   46.306
 50  30   46.565
 50  31   45.763
 50  32   45.253
 50  33   45.063
 50  34   47.501
 50  35   49.806
 50  36   51.729
 50  37   57.096
 50  38   63.155
 50  39   66.917
 50  40   73.181
 50  41   74.916
 50  42   82.929
 50  43   90.325
 50  44   97.258
 50  45  104.649
 50  46  111.909
 50  47  121.622
 50  48  129.714
 50  49  138.779
 50  50  156.530
 50  51  178.061
