# column 1: No. of Structured Blocks
# column 2: Free Energy (kJ/mol)
  1   33.416
  2   28.008
  3   26.947
  4   26.707
  5   27.280
  6   27.231
  7   27.633
  8   27.995
  9   28.630
 10   29.302
 11   27.854
 12   28.769
 13   27.222
 14   27.187
 15   27.077
 16   27.479
 17   28.020
 18   28.625
 19   29.575
 20   30.479
 21   31.380
 22   32.011
 23   32.132
 24   31.327
 25   30.865
 26   27.462
 27   28.564
 28   26.074
 29   26.282
 30   25.583
 31   25.636
 32   25.155
 33   24.867
 34   24.245
 35   21.015
 36   15.126
 37   17.325
 38   13.957
 39   14.006
 40   13.396
 41   13.891
 42   14.013
 43   14.463
 44   15.095
 45   15.080
 46   11.048
 47    9.866
 48    9.659
 49    8.306
 50    8.025
 51    7.960
 52    8.363
 53    8.776
 54    9.364
 55   10.275
 56   11.396
 57   12.613
 58   13.624
 59   14.387
 60   14.054
 61   12.553
 62   10.981
 63   10.552
 64   11.312
 65   11.418
 66   10.715
 67   11.620
 68   11.009
 69    9.748
 70    8.770
 71   10.283
 72    9.796
 73   10.271
 74    9.366
 75    6.219
 76    5.401
 77    6.662
 78    7.569
 79    9.465
 80   12.447
 81   14.844
 82   19.258
 83   24.935
 84   29.439
 85   34.870
 86   38.471
 87   44.076
 88   51.526
 89   58.258
 90   65.584
 91   72.259
 92   80.059
 93   88.048
 94   95.455
 95  103.527
 96  111.446
 97  120.796
 98  129.075
 99  138.393
100  156.158
101  177.703
