# column 1: No. of Structured Blocks in N-terminal half
# column 2: No. of Structured Blocks in C-terminal half
# column 3: Free Energy (kJ/mol)
  0   0      inf
  0   1   53.917
  0   2   51.411
  0   3   50.478
  0   4   50.232
  0   5   51.266
  0   6   52.237
  0   7   53.236
  0   8   54.668
  0   9   56.130
  0  10   57.570
  0  11   59.209
  0  12   60.939
  0  13   62.645
  0  14   64.365
  0  15   66.090
  0  16   67.616
  0  17   68.869
  0  18   69.857
  0  19   70.629
  0  20   71.310
  0  21   72.090
  0  22   72.830
  0  23   73.781
  0  24   75.354
  0  25   76.941
  0  26   78.352
  0  27   79.770
  0  28   80.664
  0  29   80.994
  0  30   81.139
  0  31   81.446
  0  32   81.967
  0  33   83.314
  0  34   85.772
  0  35   88.187
  0  36   90.904
  0  37   96.333
  0  38  102.095
  0  39  106.267
  0  40  111.888
  0  41  114.837
  0  42  122.800
  0  43  130.162
  0  44  137.127
  0  45  144.519
  0  46  151.835
  0  47  161.434
  0  48  169.242
  0  49  178.385
  0  50  196.088
  0  51  217.528
  1   0   33.417
  1   1   29.821
  1   2   30.465
  1   3   30.359
  1   4   32.499
  1   5   33.897
  1   6   34.726
  1   7   36.905
  1   8   39.022
  1   9   40.755
  1  10   43.212
  1  11   45.719
  1  12   47.872
  1  13   49.753
  1  14   51.425
  1  15   52.205
  1  16   52.653
  1  17   52.799
  1  18   53.573
  1  19   55.313
  1  20   56.273
  1  21   54.665
  1  22   54.725
  1  23   56.904
  1  24   58.591
  1  25   60.039
  1  26   62.668
  1  27   63.285
  1  28   64.371
  1  29   65.196
  1  30   62.564
  1  31   61.223
  1  32   62.142
  1  33   64.741
  1  34   66.489
  1  35   68.734
  1  36   74.761
  1  37   81.080
  1  38   84.607
  1  39   90.250
  1  40   92.047
  1  41  101.641
  1  42  119.568
  1  43  122.293
  1  44  136.363
  1  45  143.465
  1  46  149.937
  1  47  157.667
  1  48  161.682
  1  49  172.322
  1  50  174.606
  1  51  193.419
  2   0   29.768
  2   1   29.745
  2   2   30.389
  2   3   30.293
  2   4   32.444
  2   5   33.816
  2   6   34.648
  2   7   36.820
  2   8   38.938
  2   9   40.668
  2  10   43.111
  2  11   45.593
  2  12   47.720
  2  13   49.565
  2  14   51.215
  2  15   51.971
  2  16   52.486
  2  17   52.378
  2  18   52.718
  2  19   54.279
  2  20   55.440
  2  21   54.328
  2  22   54.444
  2  23   56.494
  2  24   58.033
  2  25   59.270
  2  26   61.509
  2  27   61.800
  2  28   62.714
  2  29   63.812
  2  30   61.901
  2  31   60.097
  2  32   60.492
  2  33   62.888
  2  34   64.828
  2  35   66.736
  2  36   71.660
  2  37   77.638
  2  38   82.070
  2  39   87.394
  2  40   90.014
  2  41   96.682
  2  42  105.529
  2  43  112.808
  2  44  119.866
  2  45  127.267
  2  46  134.480
  2  47  144.136
  2  48  151.804
  2  49  160.932
  2  50  172.610
  2  51  191.584
  3   0   29.266
  3   1   30.720
  3   2   31.357
  3   3   28.808
  3   4   32.573
  3   5   31.446
  3   6   32.753
  3   7   34.780
  3   8   38.088
  3   9   40.820
  3  10   43.903
  3  11   46.592
  3  12   47.980
  3  13   46.800
  3  14   47.288
  3  15   46.647
  3  16   48.541
  3  17   44.528
  3  18   43.034
  3  19   40.714
  3  20   43.625
  3  21   46.915
  3  22   49.894
  3  23   49.117
  3  24   48.450
  3  25   48.112
  3  26   50.616
  3  27   48.304
  3  28   49.251
  3  29   53.564
  3  30   54.581
  3  31   46.118
  3  32   45.586
  3  33   48.497
  3  34   50.456
  3  35   51.592
  3  36   57.554
  3  37   64.450
  3  38   67.387
  3  39   74.754
  3  40   74.709
  3  41   84.250
  3  42  104.491
  3  43  104.994
  3  44  121.656
  3  45  128.429
  3  46  134.067
  3  47  141.616
  3  48  144.423
  3  49  156.837
  3  50  157.203
  3  51  176.013
  4   0   29.750
  4   1   32.999
  4   2   33.625
  4   3   29.304
  4   4   33.887
  4   5   31.716
  4   6   33.131
  4   7   35.121
  4   8   38.811
  4   9   42.130
  4  10   45.855
  4  11   48.808
  4  12   49.333
  4  13   46.982
  4  14   47.322
  4  15   46.580
  4  16   48.577
  4  17   44.372
  4  18   42.852
  4  19   40.513
  4  20   43.429
  4  21   46.767
  4  22   49.870
  4  23   48.971
  4  24   48.271
  4  25   47.921
  4  26   50.425
  4  27   48.105
  4  28   49.052
  4  29   53.375
  4  30   54.431
  4  31   45.920
  4  32   45.386
  4  33   48.298
  4  34   50.256
  4  35   51.392
  4  36   57.354
  4  37   64.251
  4  38   67.187
  4  39   74.556
  4  40   74.508
  4  41   84.050
  4  42  104.399
  4  43  104.801
  4  44  121.793
  4  45  128.489
  4  46  134.005
  4  47  141.476
  4  48  144.231
  4  49  156.670
  4  50  157.002
  4  51  175.813
  5   0   30.929
  5   1   36.068
  5   2   36.671
  5   3   30.527
  5   4   35.650
  5   5   32.832
  5   6   34.295
  5   7   36.269
  5   8   40.156
  5   9   43.888
  5  10   48.323
  5  11   51.705
  5  12   51.125
  5  13   48.059
  5  14   48.339
  5  15   47.558
  5  16   49.595
  5  17   45.319
  5  18   43.789
  5  19   41.443
  5  20   44.360
  5  21   47.714
  5  22   50.862
  5  23   49.919
  5  24   49.208
  5  25   48.854
  5  26   51.357
  5  27   49.036
  5  28   49.983
  5  29   54.309
  5  30   55.378
  5  31   46.850
  5  32   46.315
  5  33   49.227
  5  34   51.186
  5  35   52.321
  5  36   58.284
  5  37   65.181
  5  38   68.116
  5  39   75.486
  5  40   75.438
  5  41   84.979
  5  42  105.323
  5  43  105.730
  5  44  122.701
  5  45  129.402
  5  46  134.926
  5  47  142.402
  5  48  145.161
  5  49  157.598
  5  50  157.932
  5  51  176.742
  6   0   32.408
  6   1   39.566
  6   2   40.137
  6   3   32.560
  6   4   37.922
  6   5   34.802
  6   6   36.285
  6   7   38.251
  6   8   42.219
  6   9   46.151
  6  10   51.065
  6  11   54.857
  6  12   53.390
  6  13   50.011
  6  14   50.271
  6  15   49.476
  6  16   51.528
  6  17   47.224
  6  18   45.691
  6  19   43.330
  6  20   46.247
  6  21   49.607
  6  22   52.769
  6  23   51.799
  6  24   51.084
  6  25   50.729
  6  26   53.232
  6  27   50.912
  6  28   51.859
  6  29   56.185
  6  30   57.258
  6  31   48.726
  6  32   48.192
  6  33   51.103
  6  34   53.062
  6  35   54.197
  6  36   60.160
  6  37   67.056
  6  38   69.992
  6  39   77.361
  6  40   77.314
  6  41   86.854
  6  42  107.050
  6  43  107.596
  6  44  124.119
  6  45  130.922
  6  46  136.611
  6  47  144.195
  6  48  147.025
  6  49  159.429
  6  50  159.808
  6  51  178.619
  7   0   32.785
  7   1   43.062
  7   2   43.554
  7   3   33.614
  7   4   39.103
  7   5   35.738
  7   6   37.235
  7   7   39.196
  7   8   43.225
  7   9   47.324
  7  10   52.763
  7  11   57.225
  7  12   54.566
  7  13   50.935
  7  14   51.179
  7  15   50.375
  7  16   52.437
  7  17   48.104
  7  18   46.569
  7  19   44.122
  7  20   47.040
  7  21   50.405
  7  22   53.564
  7  23   52.502
  7  24   51.784
  7  25   51.429
  7  26   53.931
  7  27   51.618
  7  28   52.565
  7  29   56.891
  7  30   57.967
  7  31   49.432
  7  32   48.898
  7  33   51.809
  7  34   53.768
  7  35   54.903
  7  36   60.865
  7  37   67.762
  7  38   70.698
  7  39   78.067
  7  40   78.020
  7  41   87.560
  7  42  107.684
  7  43  108.297
  7  44  124.620
  7  45  131.464
  7  46  137.225
  7  47  144.859
  7  48  147.724
  7  49  160.113
  7  50  160.514
  7  51  179.325
  8   0   33.011
  8   1   41.091
  8   2   41.115
  8   3   28.878
  8   4   34.334
  8   5   30.883
  8   6   32.386
  8   7   34.346
  8   8   38.401
  8   9   42.576
  8  10   48.328
  8  11   53.487
  8  12   49.840
  8  13   46.080
  8  14   46.315
  8  15   45.508
  8  16   47.559
  8  17   43.221
  8  18   41.684
  8  19   39.188
  8  20   42.106
  8  21   45.476
  8  22   48.620
  8  23   47.486
  8  24   46.767
  8  25   46.412
  8  26   48.912
  8  27   46.608
  8  28   47.556
  8  29   51.882
  8  30   52.908
  8  31   44.421
  8  32   43.888
  8  33   46.800
  8  34   48.758
  8  35   49.894
  8  36   55.857
  8  37   62.753
  8  38   65.689
  8  39   73.057
  8  40   73.011
  8  41   82.552
  8  42  102.879
  8  43  103.302
  8  44  120.225
  8  45  126.938
  8  46  132.479
  8  47  139.966
  8  48  142.732
  8  49  155.165
  8  50  155.505
  8  51  174.315
  9   0   33.654
  9   1   41.212
  9   2   39.829
  9   3   30.287
  9   4   29.842
  9   5   29.405
  9   6   28.956
  9   7   29.795
  9   8   30.290
  9   9   31.204
  9  10   32.575
  9  11   33.973
  9  12   35.486
  9  13   37.199
  9  14   38.966
  9  15   40.544
  9  16   41.616
  9  17   41.474
  9  18   40.564
  9  19   39.353
  9  20   39.432
  9  21   39.784
  9  22   40.059
  9  23   41.167
  9  24   42.126
  9  25   42.786
  9  26   43.719
  9  27   44.227
  9  28   44.759
  9  29   45.400
  9  30   45.007
  9  31   44.027
  9  32   43.861
  9  33   45.181
  9  34   47.499
  9  35   49.584
  9  36   52.448
  9  37   57.940
  9  38   63.642
  9  39   67.881
  9  40   73.031
  9  41   76.374
  9  42   84.468
  9  43   91.847
  9  44   98.795
  9  45  106.197
  9  46  113.414
  9  47  123.080
  9  48  130.826
  9  49  139.899
  9  50  155.893
  9  51  175.734
 10   0   34.737
 10   1   38.257
 10   2   38.493
 10   3   30.408
 10   4   31.685
 10   5   30.736
 10   6   30.702
 10   7   31.688
 10   8   32.396
 10   9   33.365
 10  10   34.754
 10  11   36.156
 10  12   37.664
 10  13   39.328
 10  14   41.051
 10  15   42.485
 10  16   43.632
 10  17   42.899
 10  18   41.814
 10  19   40.135
 10  20   41.062
 10  21   41.784
 10  22   42.181
 10  23   43.204
 10  24   44.035
 10  25   44.571
 10  26   45.679
 10  27   45.792
 10  28   46.407
 10  29   47.447
 10  30   47.113
 10  31   45.019
 10  32   44.711
 10  33   46.562
 10  34   48.779
 10  35   50.544
 10  36   54.200
 10  37   59.866
 10  38   65.132
 10  39   69.839
 10  40   73.861
 10  41   78.404
 10  42   86.652
 10  43   94.012
 10  44  100.980
 10  45  108.382
 10  46  115.598
 10  47  125.263
 10  48  132.994
 10  49  142.080
 10  50  156.566
 10  51  175.899
 11   0   35.553
 11   1   37.273
 11   2   37.836
 11   3   31.245
 11   4   34.571
 11   5   32.721
 11   6   33.432
 11   7   34.792
 11   8   36.199
 11   9   37.394
 11  10   38.870
 11  11   40.294
 11  12   41.779
 11  13   43.237
 11  14   44.788
 11  15   45.743
 11  16   47.122
 11  17   45.050
 11  18   43.715
 11  19   41.524
 11  20   43.578
 11  21   45.226
 11  22   46.063
 11  23   46.771
 11  24   47.204
 11  25   47.422
 11  26   48.998
 11  27   48.187
 11  28   48.962
 11  29   51.047
 11  30   50.932
 11  31   46.620
 11  32   46.167
 11  33   48.655
 11  34   50.727
 11  35   52.111
 11  36   56.977
 11  37   63.084
 11  38   67.396
 11  39   73.154
 11  40   75.299
 11  41   81.945
 11  42   90.801
 11  43   98.075
 11  44  105.134
 11  45  112.535
 11  46  119.749
 11  47  129.407
 11  48  137.072
 11  49  146.213
 11  50  157.865
 11  51  176.836
 12   0   36.046
 12   1   37.744
 12   2   38.348
 12   3   32.497
 12   4   36.509
 12   5   34.329
 12   6   35.365
 12   7   36.959
 12   8   38.982
 12   9   40.464
 12  10   42.071
 12  11   43.531
 12  12   44.984
 12  13   46.164
 12  14   47.519
 12  15   48.044
 12  16   49.610
 12  17   46.754
 12  18   45.329
 12  19   42.999
 12  20   45.451
 12  21   47.686
 12  22   48.967
 12  23   49.351
 12  24   49.464
 12  25   49.482
 12  26   51.369
 12  27   50.018
 12  28   50.865
 12  29   53.657
 12  30   53.767
 12  31   48.167
 12  32   47.674
 12  33   50.364
 12  34   52.384
 12  35   53.649
 12  36   58.995
 12  37   65.379
 12  38   69.171
 12  39   75.521
 12  40   76.802
 12  41   84.502
 12  42   94.067
 12  43  101.216
 12  44  108.406
 12  45  115.806
 12  46  123.017
 12  47  132.665
 12  48  140.233
 12  49  149.457
 12  50  159.331
 12  51  178.220
 13   0   36.621
 13   1   38.403
 13   2   39.023
 13   3   33.496
 13   4   38.173
 13   5   35.625
 13   6   37.001
 13   7   38.900
 13   8   42.219
 13   9   44.852
 13  10   47.299
 13  11   49.061
 13  12   50.242
 13  13   49.886
 13  14   50.594
 13  15   50.193
 13  16   52.138
 13  17   48.138
 13  18   46.627
 13  19   44.180
 13  20   47.037
 13  21   50.209
 13  22   52.833
 13  23   52.166
 13  24   51.616
 13  25   51.323
 13  26   53.723
 13  27   51.567
 13  28   52.501
 13  29   56.547
 13  30   57.362
 13  31   49.425
 13  32   48.895
 13  33   51.780
 13  34   53.746
 13  35   54.897
 13  36   60.777
 13  37   67.591
 13  38   70.658
 13  39   77.866
 13  40   78.018
 13  41   87.257
 13  42  100.619
 13  43  106.460
 13  44  115.053
 13  45  122.440
 13  46  129.599
 13  47  139.112
 13  48  145.646
 13  49  155.711
 13  50  160.516
 13  51  179.336
 14   0   37.217
 14   1   38.895
 14   2   39.521
 14   3   34.632
 14   4   39.261
 14   5   36.857
 14   6   38.273
 14   7   40.235
 14   8   43.867
 14   9   47.046
 14  10   50.329
 14  11   52.660
 14  12   53.459
 14  13   51.838
 14  14   52.279
 14  15   51.622
 14  16   53.618
 14  17   49.435
 14  18   47.914
 14  19   45.469
 14  20   48.372
 14  21   51.680
 14  22   54.648
 14  23   53.713
 14  24   53.045
 14  25   52.707
 14  26   55.186
 14  27   52.913
 14  28   53.857
 14  29   58.115
 14  30   59.113
 14  31   50.737
 14  32   50.204
 14  33   53.109
 14  34   55.070
 14  35   56.209
 14  36   62.152
 14  37   69.030
 14  38   71.996
 14  39   79.328
 14  40   79.326
 14  41   88.796
 14  42  105.293
 14  43  109.072
 14  44  120.043
 14  45  127.383
 14  46  134.369
 14  47  143.485
 14  48  148.408
 14  49  159.638
 14  50  161.821
 14  51  180.634
 15   0   37.721
 15   1   39.614
 15   2   40.229
 15   3   34.024
 15   4   38.945
 15   5   36.144
 15   6   37.579
 15   7   39.501
 15   8   43.174
 15   9   46.498
 15  10   49.862
 15  11   52.074
 15  12   52.715
 15  13   50.987
 15  14   51.403
 15  15   50.741
 15  16   52.757
 15  17   48.540
 15  18   47.014
 15  19   44.545
 15  20   47.447
 15  21   50.761
 15  22   53.733
 15  23   52.764
 15  24   52.094
 15  25   51.755
 15  26   54.232
 15  27   51.962
 15  28   52.899
 15  29   57.151
 15  30   58.146
 15  31   49.777
 15  32   49.244
 15  33   52.149
 15  34   54.109
 15  35   55.248
 15  36   61.190
 15  37   68.066
 15  38   71.035
 15  39   78.363
 15  40   78.366
 15  41   87.829
 15  42  104.138
 15  43  108.063
 15  44  118.855
 15  45  126.200
 15  46  133.204
 15  47  142.358
 15  48  147.392
 15  49  158.541
 15  50  160.861
 15  51  179.674
 16   0   38.404
 16   1   39.560
 16   2   40.180
 16   3   34.340
 16   4   39.226
 16   5   36.488
 16   6   37.907
 16   7   39.750
 16   8   43.414
 16   9   47.139
 16  10   51.501
 16  11   54.751
 16  12   54.437
 16  13   51.436
 16  14   51.630
 16  15   50.847
 16  16   52.880
 16  17   48.588
 16  18   47.058
 16  19   44.581
 16  20   47.497
 16  21   50.855
 16  22   53.955
 16  23   52.877
 16  24   52.167
 16  25   51.814
 16  26   54.313
 16  27   51.990
 16  28   52.900
 16  29   57.221
 16  30   58.261
 16  31   49.749
 16  32   49.216
 16  33   52.128
 16  34   54.086
 16  35   55.222
 16  36   61.183
 16  37   68.078
 16  38   71.016
 16  39   78.383
 16  40   78.338
 16  41   87.874
 16  42  107.584
 16  43  108.583
 16  44  123.920
 16  45  130.933
 16  46  137.027
 16  47  144.930
 16  48  148.004
 16  49  160.294
 16  50  160.832
 16  51  179.643
 17   0   38.996
 17   1   41.753
 17   2   42.334
 17   3   34.794
 17   4   39.982
 17   5   36.865
 17   6   38.016
 17   7   38.972
 17   8   41.798
 17   9   45.946
 17  10   51.380
 17  11   55.878
 17  12   54.205
 17  13   50.152
 17  14   49.981
 17  15   49.155
 17  16   51.193
 17  17   46.858
 17  18   45.322
 17  19   42.834
 17  20   45.751
 17  21   49.120
 17  22   52.257
 17  23   51.134
 17  24   50.416
 17  25   50.060
 17  26   52.551
 17  27   50.197
 17  28   50.995
 17  29   55.322
 17  30   56.264
 17  31   47.783
 17  32   47.257
 17  33   50.168
 17  34   52.127
 17  35   53.263
 17  36   59.225
 17  37   66.121
 17  38   69.058
 17  39   76.426
 17  40   76.379
 17  41   85.920
 17  42  106.206
 17  43  106.667
 17  44  123.460
 17  45  130.203
 17  46  135.793
 17  47  143.311
 17  48  146.097
 17  49  158.521
 17  50  158.872
 17  51  177.683
 18   0   40.298
 18   1   43.280
 18   2   43.640
 18   3   35.486
 18   4   37.864
 18   5   36.343
 18   6   36.290
 18   7   36.824
 18   8   37.730
 18   9   38.801
 18  10   39.907
 18  11   41.186
 18  12   42.633
 18  13   43.877
 18  14   45.074
 18  15   45.772
 18  16   46.732
 18  17   44.706
 18  18   43.356
 18  19   41.306
 18  20   42.945
 18  21   44.165
 18  22   44.773
 18  23   45.654
 18  24   46.296
 18  25   46.657
 18  26   47.997
 18  27   47.437
 18  28   48.052
 18  29   49.798
 18  30   49.506
 18  31   45.802
 18  32   45.373
 18  33   47.694
 18  34   49.806
 18  35   51.285
 18  36   55.792
 18  37   61.738
 18  38   66.377
 18  39   71.772
 18  40   74.503
 18  41   80.466
 18  42   89.051
 18  43   96.366
 18  44  103.382
 18  45  110.783
 18  46  117.998
 18  47  127.660
 18  48  135.355
 18  49  144.471
 18  50  157.101
 18  51  176.151
 19   0   41.457
 19   1   45.658
 19   2   45.720
 19   3   36.535
 19   4   38.105
 19   5   36.748
 19   6   36.479
 19   7   36.773
 19   8   37.335
 19   9   38.138
 19  10   39.118
 19  11   40.377
 19  12   41.797
 19  13   43.092
 19  14   44.368
 19  15   45.116
 19  16   45.686
 19  17   43.867
 19  18   42.533
 19  19   40.641
 19  20   41.861
 19  21   42.761
 19  22   43.228
 19  23   44.206
 19  24   44.960
 19  25   45.386
 19  26   46.549
 19  27   46.202
 19  28   46.765
 19  29   48.160
 19  30   47.742
 19  31   44.692
 19  32   44.292
 19  33   46.411
 19  34   48.569
 19  35   50.164
 19  36   54.282
 19  37   60.086
 19  38   65.034
 19  39   70.091
 19  40   73.421
 19  41   78.711
 19  42   87.108
 19  43   94.448
 19  44  101.437
 19  45  108.838
 19  46  116.054
 19  47  125.718
 19  48  133.433
 19  49  142.532
 19  50  156.062
 19  51  175.220
 20   0   42.161
 20   1   48.140
 20   2   47.939
 20   3   35.593
 20   4   39.067
 20   5   36.172
 20   6   36.151
 20   7   36.332
 20   8   37.822
 20   9   39.597
 20  10   40.934
 20  11   42.237
 20  12   43.600
 20  13   44.376
 20  14   45.096
 20  15   44.886
 20  16   45.660
 20  17   41.998
 20  18   40.502
 20  19   38.161
 20  20   40.535
 20  21   42.641
 20  22   43.811
 20  23   44.273
 20  24   44.382
 20  25   44.238
 20  26   45.910
 20  27   44.223
 20  28   44.885
 20  29   47.816
 20  30   47.811
 20  31   41.974
 20  32   41.478
 20  33   44.175
 20  34   46.192
 20  35   47.451
 20  36   52.811
 20  37   59.205
 20  38   62.980
 20  39   69.352
 20  40   70.601
 20  41   78.336
 20  42   87.934
 20  43   95.076
 20  44  102.274
 20  45  109.674
 20  46  116.884
 20  47  126.532
 20  48  134.094
 20  49  143.323
 20  50  153.130
 20  51  172.017
 21   0   42.468
 21   1   47.235
 21   2   46.524
 21   3   33.223
 21   4   36.596
 21   5   33.554
 21   6   33.456
 21   7   33.559
 21   8   35.014
 21   9   36.787
 21  10   38.107
 21  11   39.402
 21  12   40.765
 21  13   41.544
 21  14   42.253
 21  15   41.981
 21  16   42.588
 21  17   38.813
 21  18   37.297
 21  19   34.982
 21  20   37.218
 21  21   39.109
 21  22   40.108
 21  23   40.680
 21  24   40.793
 21  25   40.670
 21  26   42.240
 21  27   40.671
 21  28   41.296
 21  29   43.930
 21  30   43.776
 21  31   38.453
 21  32   37.967
 21  33   40.588
 21  34   42.625
 21  35   43.927
 21  36   49.098
 21  37   55.373
 21  38   59.365
 21  39   65.487
 21  40   67.090
 21  41   74.382
 21  42   83.613
 21  43   90.824
 21  44   97.949
 21  45  105.350
 21  46  112.562
 21  47  122.215
 21  48  129.831
 21  49  139.001
 21  50  149.632
 21  51  168.548
 22   0   41.212
 22   1   46.603
 22   2   45.048
 22   3   33.045
 22   4   34.267
 22   5   32.537
 22   6   31.976
 22   7   32.005
 22   8   32.511
 22   9   33.333
 22  10   34.280
 22  11   35.518
 22  12   36.931
 22  13   38.200
 22  14   39.407
 22  15   39.941
 22  16   40.004
 22  17   37.687
 22  18   36.198
 22  19   34.338
 22  20   35.262
 22  21   35.981
 22  22   36.370
 22  23   37.377
 22  24   38.126
 22  25   38.495
 22  26   39.438
 22  27   39.118
 22  28   39.521
 22  29   40.494
 22  30   39.912
 22  31   37.563
 22  32   37.200
 22  33   39.041
 22  34   41.258
 22  35   43.012
 22  36   46.651
 22  37   52.316
 22  38   57.589
 22  39   62.293
 22  40   66.327
 22  41   70.847
 22  42   79.091
 22  43   86.452
 22  44   93.420
 22  45  100.821
 22  46  108.037
 22  47  117.702
 22  48  125.433
 22  49  134.505
 22  50  149.033
 22  51  168.372
 23   0   41.493
 23   1   42.684
 23   2   42.184
 23   3   28.296
 23   4   32.428
 23   5   28.774
 23   6   28.824
 23   7   28.951
 23   8   30.927
 23   9   33.727
 23  10   35.780
 23  11   37.219
 23  12   38.453
 23  13   38.320
 23  14   38.446
 23  15   37.574
 23  16   38.459
 23  17   33.962
 23  18   32.430
 23  19   29.995
 23  20   32.644
 23  21   35.280
 23  22   36.997
 23  23   37.002
 23  24   36.570
 23  25   36.146
 23  26   37.991
 23  27   35.853
 23  28   36.526
 23  29   39.941
 23  30   40.129
 23  31   33.457
 23  32   32.949
 23  33   35.734
 23  34   37.727
 23  35   38.935
 23  36   44.532
 23  37   51.098
 23  38   54.573
 23  39   61.294
 23  40   62.071
 23  41   70.425
 23  42   80.810
 23  43   87.775
 23  44   95.159
 23  45  102.558
 23  46  109.763
 23  47  119.395
 23  48  126.821
 23  49  136.151
 23  50  144.585
 23  51  163.439
 24   0   41.858
 24   1   43.508
 24   2   40.777
 24   3   32.283
 24   4   29.639
 24   5   29.245
 24   6   28.057
 24   7   27.983
 24   8   27.773
 24   9   28.205
 24  10   29.044
 24  11   30.268
 24  12   31.694
 24  13   33.108
 24  14   34.505
 24  15   35.498
 24  16   35.249
 24  17   34.210
 24  18   32.769
 24  19   31.781
 24  20   30.923
 24  21   31.017
 24  22   31.209
 24  23   32.350
 24  24   33.355
 24  25   34.003
 24  26   34.634
 24  27   35.153
 24  28   35.367
 24  29   35.491
 24  30   34.791
 24  31   34.488
 24  32   34.359
 24  33   35.105
 24  34   37.512
 24  35   39.895
 24  36   42.062
 24  37   47.450
 24  38   53.447
 24  39   57.377
 24  40   63.493
 24  41   65.821
 24  42   73.833
 24  43   81.222
 24  44   88.160
 24  45   95.562
 24  46  102.779
 24  47  112.445
 24  48  120.199
 24  49  129.252
 24  50  146.572
 24  51  167.432
 25   0   40.344
 25   1   45.181
 25   2   44.876
 25   3   30.408
 25   4   34.554
 25   5   30.886
 25   6   30.937
 25   7   31.062
 25   8   33.036
 25   9   35.856
 25  10   37.929
 25  11   39.373
 25  12   40.603
 25  13   40.439
 25  14   40.551
 25  15   39.666
 25  16   40.564
 25  17   36.048
 25  18   34.516
 25  19   32.073
 25  20   34.730
 25  21   37.384
 25  22   39.118
 25  23   39.102
 25  24   38.655
 25  25   38.224
 25  26   40.078
 25  27   37.924
 25  28   38.598
 25  29   42.038
 25  30   42.255
 25  31   35.525
 25  32   35.015
 25  33   37.805
 25  34   39.797
 25  35   41.002
 25  36   46.610
 25  37   53.186
 25  38   56.645
 25  39   63.385
 25  40   64.137
 25  41   72.523
 25  42   82.964
 25  43   89.916
 25  44   97.315
 25  45  104.713
 25  46  111.917
 25  47  121.549
 25  48  128.963
 25  49  138.303
 25  50  146.650
 25  51  165.503
 26   0   39.738
 26   1   39.373
 26   2   39.785
 26   3   33.157
 26   4   33.764
 26   5   32.427
 26   6   31.740
 26   7   31.742
 26   8   32.053
 26   9   32.761
 26  10   33.675
 26  11   34.909
 26  12   36.326
 26  13   37.641
 26  14   38.904
 26  15   39.562
 26  16   39.542
 26  17   37.509
 26  18   36.029
 26  19   34.293
 26  20   34.897
 26  21   35.456
 26  22   35.786
 26  23   36.820
 26  24   37.623
 26  25   38.046
 26  26   38.929
 26  27   38.760
 26  28   39.133
 26  29   39.943
 26  30   39.336
 26  31   37.326
 26  32   36.988
 26  33   38.687
 26  34   40.933
 26  35   42.769
 26  36   46.185
 26  37   51.794
 26  38   57.203
 26  39   61.761
 26  40   66.116
 26  41   70.291
 26  42   78.483
 26  43   85.850
 26  44   92.811
 26  45  100.213
 26  46  107.429
 26  47  117.094
 26  48  124.831
 26  49  133.898
 26  50  148.860
 26  51  168.308
 27   0   38.079
 27   1   39.369
 27   2   39.979
 27   3   33.053
 27   4   37.083
 27   5   33.678
 27   6   33.763
 27   7   33.926
 27   8   35.971
 27   9   38.942
 27  10   41.193
 27  11   42.689
 27  12   43.885
 27  13   43.515
 27  14   43.537
 27  15   42.580
 27  16   43.517
 27  17   38.923
 27  18   37.391
 27  19   34.927
 27  20   37.625
 27  21   40.374
 27  22   42.217
 27  23   41.768
 27  24   41.157
 27  25   40.650
 27  26   42.472
 27  27   40.285
 27  28   40.945
 27  29   44.315
 27  30   44.475
 27  31   37.876
 27  32   37.367
 27  33   40.143
 27  34   42.139
 27  35   43.351
 27  36   48.921
 27  37   55.467
 27  38   58.977
 27  39   65.658
 27  40   66.489
 27  41   74.768
 27  42   85.033
 27  43   92.028
 27  44   99.381
 27  45  106.780
 27  46  113.985
 27  47  123.621
 27  48  131.069
 27  49  140.380
 27  50  149.004
 27  51  167.862
 28   0   37.990
 28   1   37.504
 28   2   38.082
 28   3   30.720
 28   4   34.613
 28   5   31.310
 28   6   31.368
 28   7   31.524
 28   8   33.418
 28   9   35.985
 28  10   37.834
 28  11   39.232
 28  12   40.510
 28  13   40.632
 28  14   40.890
 28  15   40.128
 28  16   40.958
 28  17   36.581
 28  18   35.050
 28  19   32.604
 28  20   35.184
 28  21   37.668
 28  22   39.171
 28  23   38.692
 28  24   38.171
 28  25   37.697
 28  26   39.429
 28  27   37.370
 28  28   38.015
 28  29   41.198
 28  30   41.246
 28  31   34.986
 28  32   34.483
 28  33   37.224
 28  34   39.229
 28  35   40.462
 28  36   45.938
 28  37   52.413
 28  38   56.045
 28  39   62.583
 28  40   63.605
 28  41   71.633
 28  42   81.551
 28  43   88.626
 28  44   95.894
 28  45  103.293
 28  46  110.501
 28  47  120.144
 28  48  127.654
 28  49  136.913
 28  50  146.126
 28  51  164.997
 29   0   37.882
 29   1   38.484
 29   2   38.823
 29   3   30.974
 29   4   32.265
 29   5   30.578
 29   6   30.039
 29   7   30.074
 29   8   30.583
 29   9   31.410
 29  10   32.359
 29  11   33.597
 29  12   35.010
 29  13   36.278
 29  14   37.482
 29  15   38.011
 29  16   38.072
 29  17   35.728
 29  18   34.235
 29  19   32.341
 29  20   33.290
 29  21   34.018
 29  22   34.386
 29  23   35.218
 29  24   35.728
 29  25   35.804
 29  26   36.440
 29  27   36.158
 29  28   36.479
 29  29   37.372
 29  30   36.744
 29  31   34.474
 29  32   34.115
 29  33   35.916
 29  34   38.141
 29  35   39.917
 29  36   43.494
 29  37   49.142
 29  38   54.454
 29  39   59.116
 29  40   63.240
 29  41   67.662
 29  42   75.892
 29  43   83.254
 29  44   90.219
 29  45   97.621
 29  46  104.837
 29  47  114.502
 29  48  122.235
 29  49  131.305
 29  50  145.957
 29  51  165.324
 30   0   37.745
 30   1   41.023
 30   2   40.857
 30   3   28.595
 30   4   31.799
 30   5   28.863
 30   6   28.737
 30   7   28.855
 30   8   30.232
 30   9   31.871
 30  10   33.126
 30  11   34.411
 30  12   35.782
 30  13   36.644
 30  14   37.421
 30  15   37.228
 30  16   37.738
 30  17   34.072
 30  18   32.552
 30  19   30.239
 30  20   32.348
 30  21   34.064
 30  22   34.912
 30  23   35.140
 30  24   35.044
 30  25   34.302
 30  26   34.529
 30  27   37.310
 30  28   37.499
 30  29   38.073
 30  30   37.375
 30  31   35.687
 30  32   35.371
 30  33   36.903
 30  34   39.181
 30  35   41.110
 30  36   44.281
 30  37   49.836
 30  38   55.381
 30  39   59.793
 30  40   64.495
 30  41   68.300
 30  42   76.444
 30  43   83.817
 30  44   90.771
 30  45   98.173
 30  46  105.389
 30  47  115.055
 30  48  122.796
 30  49  131.859
 30  50  147.286
 30  51  166.882
 31   0   34.025
 31   1   40.944
 31   2   39.932
 31   3   26.801
 31   4   29.437
 31   5   26.862
 31   6   26.609
 31   7   26.698
 31   8   27.790
 31   9   29.090
 31  10   30.202
 31  11   31.464
 31  12   32.855
 31  13   33.904
 31  14   34.860
 31  15   34.931
 31  16   35.276
 31  17   32.028
 31  18   30.514
 31  19   28.309
 31  20   30.092
 31  21   31.439
 31  22   32.073
 31  23   32.553
 31  24   32.653
 31  25   32.098
 31  26   32.351
 31  27   34.691
 31  28   35.091
 31  29   36.346
 31  30   37.572
 31  31   34.801
 31  32   34.529
 31  33   37.156
 31  34   39.225
 31  35   40.587
 31  36   45.712
 31  37   51.942
 31  38   56.000
 31  39   62.027
 31  40   63.762
 31  41   70.945
 31  42   80.101
 31  43   87.326
 31  44   94.437
 31  45  101.837
 31  46  109.050
 31  47  118.704
 31  48  126.330
 31  49  135.490
 31  50  146.309
 31  51  165.234
 32   0   29.161
 32   1   36.057
 32   2   35.866
 32   3   21.759
 32   4   25.791
 32   5   22.213
 32   6   22.243
 32   7   22.400
 32   8   24.328
 32   9   26.914
 32  10   28.771
 32  11   30.167
 32  12   31.430
 32  13   31.485
 32  14   31.706
 32  15   30.910
 32  16   31.758
 32  17   27.317
 32  18   25.786
 32  19   23.344
 32  20   25.943
 32  21   28.465
 32  22   30.021
 32  23   29.424
 32  24   28.819
 32  25   27.697
 32  26   27.869
 32  27   32.272
 32  28   31.869
 32  29   34.269
 32  30   35.316
 32  31   29.630
 32  32   29.157
 32  33   31.980
 32  34   33.970
 32  35   35.168
 32  36   40.855
 32  37   47.490
 32  38   50.846
 32  39   57.703
 32  40   58.301
 32  41   66.915
 32  42   77.805
 32  43   84.635
 32  44   92.163
 32  45   99.561
 32  46  106.761
 32  47  116.382
 32  48  123.700
 32  49  133.119
 32  50  140.810
 32  51  159.652
 33   0   29.667
 33   1   29.825
 33   2   29.407
 33   3   15.250
 33   4   19.692
 33   5   15.791
 33   6   15.898
 33   7   16.036
 33   8   18.241
 33   9   21.767
 33  10   24.837
 33  11   26.583
 33  12   27.500
 33  13   26.065
 33  14   25.747
 33  15   24.564
 33  16   25.604
 33  17   20.766
 33  18   19.230
 33  19   16.718
 33  20   19.537
 33  21   22.604
 33  22   24.967
 33  23   23.415
 33  24   22.471
 33  25   21.161
 33  26   21.313
 33  27   26.756
 33  28   25.922
 33  29   29.284
 33  30   30.163
 33  31   23.031
 33  32   22.520
 33  33   25.387
 33  34   27.359
 33  35   28.524
 33  36   34.348
 33  37   41.107
 33  38   44.261
 33  39   51.362
 33  40   51.647
 33  41   60.695
 33  42   72.952
 33  43   79.305
 33  44   87.343
 33  45   94.736
 33  46  101.919
 33  47  111.492
 33  48  118.433
 33  49  128.162
 33  50  134.149
 33  51  152.975
 34   0   32.262
 34   1   30.750
 34   2   27.843
 34   3   19.710
 34   4   16.659
 34   5   16.339
 34   6   15.111
 34   7   15.032
 34   8   14.788
 34   9   15.206
 34  10   16.041
 34  11   17.264
 34  12   18.689
 34  13   20.102
 34  14   21.485
 34  15   22.442
 34  16   22.101
 34  17   21.085
 34  18   19.627
 34  19   18.708
 34  20   17.711
 34  21   17.770
 34  22   17.927
 34  23   18.995
 34  24   19.790
 34  25   20.178
 34  26   20.538
 34  27   20.851
 34  28   21.361
 34  29   21.948
 34  30   22.790
 34  31   23.254
 34  32   23.678
 34  33   24.609
 34  34   27.040
 34  35   29.552
 34  36   31.655
 34  37   37.022
 34  38   43.056
 34  39   46.934
 34  40   53.200
 34  41   55.402
 34  42   63.406
 34  43   70.796
 34  44   77.733
 34  45   85.135
 34  46   92.352
 34  47  102.018
 34  48  109.773
 34  49  118.824
 34  50  136.324
 34  51  157.421
 35   0   32.828
 35   1   36.302
 35   2   34.943
 35   3   19.741
 35   4   23.236
 35   5   20.052
 35   6   19.975
 35   7   20.072
 35   8   21.617
 35   9   23.559
 35  10   24.969
 35  11   26.278
 35  12   27.619
 35  13   28.227
 35  14   28.789
 35  15   28.332
 35  16   28.951
 35  17   24.966
 35  18   23.439
 35  19   21.056
 35  20   23.367
 35  21   25.367
 35  22   26.410
 35  23   26.353
 35  24   26.049
 35  25   25.130
 35  26   25.316
 35  27   28.927
 35  28   28.801
 35  29   30.514
 35  30   31.373
 35  31   27.170
 35  32   26.758
 35  33   29.391
 35  34   31.433
 35  35   32.751
 35  36   37.921
 35  37   44.188
 35  38   48.189
 35  39   54.296
 35  40   55.917
 35  41   63.203
 35  42   72.430
 35  43   79.642
 35  44   86.766
 35  45   94.166
 35  46  101.378
 35  47  111.032
 35  48  118.649
 35  49  127.818
 35  50  138.461
 35  51  157.378
 36   0   33.147
 36   1   35.207
 36   2   34.984
 36   3   22.294
 36   4   25.274
 36   5   22.463
 36   6   22.282
 36   7   22.361
 36   8   23.618
 36   9   25.155
 36  10   26.363
 36  11   27.639
 36  12   29.012
 36  13   29.896
 36  14   30.684
 36  15   30.507
 36  16   30.950
 36  17   27.371
 36  18   25.850
 36  19   23.554
 36  20   25.579
 36  21   27.189
 36  22   27.966
 36  23   28.238
 36  24   28.166
 36  25   27.435
 36  26   27.640
 36  27   30.611
 36  28   30.661
 36  29   32.035
 36  30   32.857
 36  31   29.413
 36  32   29.036
 36  33   31.551
 36  34   33.628
 36  35   35.024
 36  36   39.897
 36  37   46.001
 36  38   50.312
 36  39   56.066
 36  40   58.213
 36  41   64.866
 36  42   73.726
 36  43   80.999
 36  44   88.058
 36  45   95.459
 36  46  102.673
 36  47  112.331
 36  48  119.995
 36  49  129.126
 36  50  140.783
 36  51  159.754
 37   0   32.582
 37   1   33.720
 37   2   34.047
 37   3   23.350
 37   4   26.596
 37   5   23.621
 37   6   23.500
 37   7   23.594
 37   8   25.006
 37   9   26.744
 37  10   28.047
 37  11   29.339
 37  12   30.697
 37  13   31.453
 37  14   32.130
 37  15   31.809
 37  16   32.343
 37  17   28.548
 37  18   27.024
 37  19   24.682
 37  20   26.862
 37  21   28.672
 37  22   29.578
 37  23   29.694
 37  24   29.505
 37  25   28.675
 37  26   28.859
 37  27   32.106
 37  28   32.038
 37  29   33.594
 37  30   34.248
 37  31   29.437
 37  32   28.773
 37  33   31.441
 37  34   33.471
 37  35   34.759
 37  36   40.018
 37  37   46.343
 37  38   50.240
 37  39   56.469
 37  40   57.914
 37  41   65.405
 37  42   74.787
 37  43   81.971
 37  44   89.124
 37  45   96.525
 37  46  103.736
 37  47  113.387
 37  48  120.983
 37  49  130.172
 37  50  140.461
 37  51  159.364
 38   0   32.234
 38   1   32.751
 38   2   33.145
 38   3   23.757
 38   4   26.620
 38   5   23.938
 38   6   23.742
 38   7   23.825
 38   8   25.029
 38   9   26.492
 38  10   27.669
 38  11   28.942
 38  12   30.319
 38  13   31.249
 38  14   32.079
 38  15   31.961
 38  16   32.364
 38  17   28.879
 38  18   27.359
 38  19   25.090
 38  20   27.043
 38  21   28.571
 38  22   29.300
 38  23   29.639
 38  24   29.617
 38  25   28.928
 38  26   28.961
 38  27   31.663
 38  28   31.553
 38  29   32.914
 38  30   32.865
 38  31   27.902
 38  32   27.034
 38  33   29.526
 38  34   31.591
 38  35   32.948
 38  36   37.827
 38  37   43.944
 38  38   48.240
 38  39   54.027
 38  40   56.127
 38  41   62.799
 38  42   71.668
 38  43   78.940
 38  44   86.001
 38  45   93.402
 38  46  100.615
 38  47  110.274
 38  48  117.937
 38  49  127.069
 38  50  138.705
 38  51  157.675
 39   0   32.785
 39   1   32.328
 39   2   32.688
 39   3   24.037
 39   4   26.140
 39   5   23.966
 39   6   23.605
 39   7   23.661
 39   8   24.493
 39   9   25.580
 39  10   26.613
 39  11   27.864
 39  12   29.263
 39  13   30.394
 39  14   31.429
 39  15   31.635
 39  16   31.825
 39  17   28.901
 39  18   27.390
 39  19   25.283
 39  20   26.767
 39  21   27.851
 39  22   28.350
 39  23   28.977
 39  24   29.200
 39  25   28.731
 39  26   28.411
 39  27   30.587
 39  28   30.507
 39  29   31.378
 39  30   30.866
 39  31   26.754
 39  32   25.893
 39  33   28.069
 39  34   30.201
 39  35   31.707
 39  36   35.978
 39  37   41.841
 39  38   46.668
 39  39   51.871
 39  40   54.937
 39  41   60.491
 39  42   68.956
 39  43   76.287
 39  44   83.285
 39  45   90.686
 39  46   97.901
 39  47  107.565
 39  48  115.274
 39  49  124.367
 39  50  137.572
 39  51  156.685
 40   0   33.189
 40   1   33.866
 40   2   34.012
 40   3   24.684
 40   4   26.211
 40   5   24.361
 40   6   23.871
 40   7   23.914
 40   8   24.510
 40   9   25.397
 40  10   26.364
 40  11   27.605
 40  12   29.013
 40  13   30.237
 40  14   31.378
 40  15   31.779
 40  16   31.837
 40  17   29.307
 40  18   27.804
 40  19   25.851
 40  20   26.948
 40  21   27.762
 40  22   28.111
 40  23   28.942
 40  24   29.245
 40  25   28.614
 40  26   28.029
 40  27   30.058
 40  28   29.949
 40  29   30.556
 40  30   29.937
 40  31   26.245
 40  32   25.403
 40  33   27.420
 40  34   29.584
 40  35   31.167
 40  36   35.165
 40  37   40.938
 40  38   45.967
 40  39   50.950
 40  40   54.426
 40  41   59.523
 40  42   67.878
 40  43   75.224
 40  44   82.207
 40  45   89.608
 40  46   96.824
 40  47  106.488
 40  48  114.208
 40  49  123.292
 40  50  137.091
 40  51  156.289
 41   0   30.114
 41   1   36.117
 41   2   35.822
 41   3   22.437
 41   4   25.928
 41   5   22.771
 41   6   22.701
 41   7   22.827
 41   8   24.382
 41   9   26.271
 41  10   27.654
 41  11   28.959
 41  12   30.304
 41  13   30.955
 41  14   31.551
 41  15   31.131
 41  16   31.726
 41  17   27.796
 41  18   26.270
 41  19   23.944
 41  20   26.209
 41  21   28.142
 41  22   28.617
 41  23   29.520
 41  24   28.554
 41  25   26.512
 41  26   25.237
 41  27   28.909
 41  28   28.184
 41  29   30.243
 41  30   29.735
 41  31   23.194
 41  32   22.239
 41  33   24.884
 41  34   26.909
 41  35   28.178
 41  36   33.422
 41  37   39.745
 41  38   43.652
 41  39   49.880
 41  40   51.331
 41  41   58.789
 41  42   68.145
 41  43   75.334
 41  44   82.482
 41  45   89.882
 41  46   97.094
 41  47  106.746
 41  48  114.345
 41  49  123.532
 41  50  133.880
 41  51  152.785
 42   0   25.078
 42   1   32.773
 42   2   32.609
 42   3   17.910
 42   4   22.124
 42   5   18.404
 42   6   18.468
 42   7   18.631
 42   8   20.686
 42   9   23.601
 42  10   25.778
 42  11   27.246
 42  12   28.431
 42  13   28.061
 42  14   28.080
 42  15   27.121
 42  16   28.037
 42  17   23.443
 42  18   21.910
 42  19   19.515
 42  20   22.189
 42  21   24.885
 42  22   25.045
 42  23   26.908
 42  24   24.769
 42  25   22.319
 42  26   20.915
 42  27   24.826
 42  28   23.944
 42  29   26.463
 42  30   26.010
 42  31   18.626
 42  32   17.622
 42  33   20.362
 42  34   22.364
 42  35   23.586
 42  36   29.066
 42  37   35.547
 42  38   39.170
 42  39   45.724
 42  40   46.724
 42  41   54.762
 42  42   64.693
 42  43   71.765
 42  44   79.036
 42  45   86.435
 42  46   93.643
 42  47  103.286
 42  48  110.795
 42  49  120.058
 42  50  129.256
 42  51  148.126
 43   0   23.432
 43   1   26.097
 43   2   25.754
 43   3   11.377
 43   4   15.927
 43   5   11.940
 43   6   12.065
 43   7   12.211
 43   8   14.501
 43   9   18.367
 43  10   22.276
 43  11   24.438
 43  12   24.948
 43  13   22.560
 43  14   22.056
 43  15   20.767
 43  16   21.856
 43  17   16.926
 43  18   15.390
 43  19   12.951
 43  20   15.814
 43  21   19.016
 43  22   19.851
 43  23   22.827
 43  24   20.074
 43  25   17.459
 43  26   16.012
 43  27   20.159
 43  28   19.181
 43  29   22.197
 43  30   21.771
 43  31   13.494
 43  32   12.488
 43  33   15.302
 43  34   17.286
 43  35   18.470
 43  36   24.150
 43  37   30.786
 43  38   34.144
 43  39   41.007
 43  40   41.597
 43  41   50.190
 43  42   61.035
 43  43   67.877
 43  44   75.392
 43  45   82.789
 43  46   89.990
 43  47   99.613
 43  48  106.943
 43  49  116.355
 43  50  124.120
 43  51  142.964
 44   0   24.716
 44   1   24.370
 44   2   22.898
 44   3   10.372
 44   4   12.254
 44   5   10.140
 44   6    9.723
 44   7    9.759
 44   8   10.515
 44   9   11.537
 44  10   12.548
 44  11   13.795
 44  12   15.196
 44  13   16.359
 44  14   17.428
 44  15   17.696
 44  16   17.849
 44  17   15.049
 44  18   13.545
 44  19   11.619
 44  20   12.952
 44  21   13.943
 44  22   12.304
 44  23   14.731
 44  24   13.424
 44  25   11.226
 44  26    9.875
 44  27   14.020
 44  28   13.087
 44  29   16.215
 44  30   15.812
 44  31    7.367
 44  32    6.368
 44  33    9.198
 44  34   11.178
 44  35   12.355
 44  36   18.079
 44  37   24.752
 44  38   28.048
 44  39   34.983
 44  40   35.478
 44  41   44.206
 44  42   55.371
 44  43   62.117
 44  44   69.734
 44  45   77.131
 44  46   84.328
 44  47   93.943
 44  48  101.198
 44  49  110.672
 44  50  118.001
 44  51  136.840
 45   0   28.718
 45   1   26.103
 45   2   23.305
 45   3   14.373
 45   4   12.140
 45   5   11.657
 45   6   10.515
 45   7   10.446
 45   8   10.276
 45   9   10.728
 45  10   11.572
 45  11   12.795
 45  12   14.219
 45  13   15.621
 45  14   16.987
 45  15   17.903
 45  16   17.612
 45  17   16.471
 45  18   15.030
 45  19   13.944
 45  20   13.193
 45  21   13.109
 45  22   13.006
 45  23   13.064
 45  24   12.710
 45  25   11.798
 45  26   11.367
 45  27   11.022
 45  28   10.974
 45  29   10.604
 45  30    9.786
 45  31    8.739
 45  32    8.226
 45  33    8.828
 45  34   11.216
 45  35   13.468
 45  36   15.694
 45  37   21.098
 45  38   27.068
 45  39   31.044
 45  40   37.022
 45  41   39.459
 45  42   47.480
 45  43   54.867
 45  44   61.806
 45  45   69.208
 45  46   76.425
 45  47   86.092
 45  48   93.844
 45  49  102.901
 45  50  120.071
 45  51  140.759
 46   0   33.027
 46   1   32.673
 46   2   30.034
 46   3   18.313
 46   4   18.661
 46   5   17.333
 46   6   16.597
 46   7   16.582
 46   8   16.846
 46   9   17.527
 46  10   18.432
 46  11   19.664
 46  12   21.080
 46  13   22.392
 46  14   23.640
 46  15   24.268
 46  16   24.182
 46  17   22.192
 46  18   20.715
 46  19   19.080
 46  20   19.503
 46  21   19.762
 46  22   18.937
 46  23   19.434
 46  24   18.623
 46  25   17.212
 46  26   16.381
 46  27   17.111
 46  28   16.938
 46  29   16.873
 46  30   16.078
 46  31   13.778
 46  32   13.052
 46  33   14.434
 46  34   16.711
 46  35   18.602
 46  36   21.687
 46  37   27.233
 46  38   32.817
 46  39   37.202
 46  40   41.983
 46  41   45.673
 46  42   53.804
 46  43   61.179
 46  44   68.132
 46  45   75.533
 46  46   82.750
 46  47   92.416
 46  48  100.158
 46  49  109.223
 46  50  124.798
 46  51  144.449
 47   0   39.312
 47   1   42.077
 47   2   41.066
 47   3   24.511
 47   4   28.752
 47   5   25.003
 47   6   25.070
 47   7   25.196
 47   8   27.227
 47   9   30.223
 47  10   32.488
 47  11   33.978
 47  12   35.143
 47  13   34.656
 47  14   34.627
 47  15   33.634
 47  16   34.574
 47  17   29.940
 47  18   28.408
 47  19   26.092
 47  20   28.777
 47  21   31.208
 47  22   27.051
 47  23   30.369
 47  24   27.505
 47  25   24.879
 47  26   23.434
 47  27   27.494
 47  28   26.547
 47  29   29.380
 47  30   28.912
 47  31   20.884
 47  32   19.888
 47  33   22.681
 47  34   24.670
 47  35   25.865
 47  36   31.486
 47  37   38.074
 47  38   41.513
 47  39   48.281
 47  40   48.994
 47  41   57.416
 47  42   67.920
 47  43   74.855
 47  44   82.271
 47  45   89.669
 47  46   96.873
 47  47  106.504
 47  48  113.907
 47  49  123.259
 47  50  131.523
 47  51  150.375
 48   0   46.503
 48   1   48.305
 48   2   46.448
 48   3   31.685
 48   4   34.643
 48   5   31.837
 48   6   31.649
 48   7   31.725
 48   8   32.967
 48   9   34.488
 48  10   35.689
 48  11   36.964
 48  12   38.338
 48  13   39.231
 48  14   40.028
 48  15   39.864
 48  16   40.309
 48  17   36.752
 48  18   35.235
 48  19   33.097
 48  20   35.043
 48  21   36.333
 48  22   33.765
 48  23   35.740
 48  24   33.903
 48  25   31.708
 48  26   30.435
 48  27   33.143
 48  28   32.602
 48  29   33.632
 48  30   32.918
 48  31   27.870
 48  32   26.943
 48  33   29.312
 48  34   31.401
 48  35   32.808
 48  36   37.446
 48  37   43.454
 48  38   47.973
 48  39   53.515
 48  40   56.005
 48  41   62.213
 48  42   70.885
 48  43   78.187
 48  44   85.216
 48  45   92.617
 48  46   99.832
 48  47  109.493
 48  48  117.179
 48  49  126.305
 48  50  138.604
 48  51  157.624
 49   0   54.054
 49   1   55.838
 49   2   54.245
 49   3   39.050
 49   4   42.396
 49   5   39.319
 49   6   39.211
 49   7   39.303
 49   8   40.759
 49   9   42.566
 49  10   43.903
 49  11   45.200
 49  12   46.553
 49  13   47.259
 49  14   47.898
 49  15   47.529
 49  16   48.102
 49  17   44.241
 49  18   42.720
 49  19   40.524
 49  20   42.698
 49  21   44.160
 49  22   41.057
 49  23   43.490
 49  24   41.317
 49  25   38.953
 49  26   37.608
 49  27   40.811
 49  28   40.138
 49  29   41.653
 49  30   40.987
 49  31   35.050
 49  32   34.094
 49  33   36.637
 49  34   38.686
 49  35   40.006
 49  36   45.014
 49  37   51.201
 49  38   55.364
 49  39   61.303
 49  40   63.174
 49  41   70.113
 49  42   79.122
 49  43   86.371
 49  44   93.456
 49  45  100.857
 49  46  108.070
 49  47  117.727
 49  48  125.373
 49  49  134.533
 49  50  145.743
 49  51  164.689
 50   0   67.303
 50   1   62.791
 50   2   59.815
 50   3   52.211
 50   4   48.618
 50   5   48.385
 50   6   47.110
 50   7   47.025
 50   8   46.743
 50   9   47.144
 50  10   47.975
 50  11   49.197
 50  12   50.623
 50  13   52.042
 50  14   53.435
 50  15   54.418
 50  16   54.078
 50  17   53.178
 50  18   51.746
 50  19   50.877
 50  20   49.667
 50  21   49.428
 50  22   49.391
 50  23   49.055
 50  24   48.635
 50  25   47.784
 50  26   47.454
 50  27   46.725
 50  28   46.703
 50  29   46.261
 50  30   45.449
 50  31   44.793
 50  32   44.369
 50  33   44.658
 50  34   47.082
 50  35   49.465
 50  36   51.408
 50  37   56.776
 50  38   62.850
 50  39   66.716
 50  40   73.093
 50  41   75.118
 50  42   83.113
 50  43   90.503
 50  44   97.439
 50  45  104.841
 50  46  112.058
 50  47  121.726
 50  48  129.480
 50  49  138.548
 50  50  156.254
 50  51  177.703
