# column 1: No. of Structured Blocks
# column 2: Free Energy (kJ/mol)
  1   26.434
  2   21.036
  3   19.740
  4   18.951
  5   19.160
  6   18.780
  7   18.735
  8   18.808
  9   19.404
 10   20.382
 11   21.113
 12   21.386
 13   21.164
 14   21.080
 15   20.745
 16   20.649
 17   20.750
 18   21.059
 19   21.482
 20   22.197
 21   22.724
 22   23.287
 23   23.702
 24   24.411
 25   25.136
 26   23.949
 27   24.325
 28   22.627
 29   22.267
 30   21.673
 31   21.417
 32   21.518
 33   21.247
 34   20.865
 35   18.400
 36   13.973
 37   16.015
 38   13.053
 39   12.898
 40   12.109
 41   12.625
 42   12.490
 43   12.715
 44   13.124
 45   13.776
 46   14.355
 47   14.870
 48   14.826
 49   14.599
 50   12.650
 51   11.271
 52    9.088
 53   10.259
 54    9.973
 55    9.783
 56    9.257
 57    9.817
 58   10.212
 59   10.570
 60   11.354
 61   11.221
 62   11.361
 63   11.767
 64   11.836
 65   11.602
 66   12.247
 67   11.927
 68   11.065
 69    9.894
 70    9.118
 71   10.411
 72    9.646
 73    8.795
 74    7.563
 75    5.851
 76    4.865
 77    6.360
 78    7.326
 79    9.227
 80   12.300
 81   14.856
 82   19.277
 83   24.916
 84   29.269
 85   34.605
 86   38.063
 87   43.641
 88   51.100
 89   57.828
 90   65.159
 91   71.830
 92   79.652
 93   87.678
 94   95.122
 95  103.160
 96  111.104
 97  120.548
 98  129.067
 99  138.384
100  156.191
101  177.816
