# column 1: No. of Structured Blocks in N-terminal half
# column 2: No. of Structured Blocks in C-terminal half
# column 3: Free Energy (kJ/mol)
  0   0      inf
  0   1   50.834
  0   2   48.072
  0   3   46.320
  0   4   45.368
  0   5   46.249
  0   6   47.052
  0   7   47.879
  0   8   49.211
  0   9   50.565
  0  10   51.858
  0  11   53.320
  0  12   54.888
  0  13   56.450
  0  14   58.000
  0  15   59.535
  0  16   60.828
  0  17   61.780
  0  18   62.409
  0  19   62.813
  0  20   63.167
  0  21   63.716
  0  22   64.437
  0  23   65.250
  0  24   66.592
  0  25   67.963
  0  26   69.086
  0  27   70.031
  0  28   70.619
  0  29   70.653
  0  30   70.446
  0  31   70.467
  0  32   70.708
  0  33   71.785
  0  34   74.216
  0  35   76.550
  0  36   79.248
  0  37   84.675
  0  38   90.401
  0  39   94.477
  0  40   99.899
  0  41  102.657
  0  42  110.638
  0  43  118.005
  0  44  124.967
  0  45  132.352
  0  46  139.709
  0  47  149.367
  0  48  157.494
  0  49  166.637
  0  50  184.390
  0  51  205.921
  1   0   26.435
  1   1   22.844
  1   2   22.698
  1   3   21.482
  1   4   23.570
  1   5   25.037
  1   6   25.660
  1   7   27.904
  1   8   30.004
  1   9   31.631
  1  10   33.967
  1  11   36.448
  1  12   38.539
  1  13   40.293
  1  14   41.845
  1  15   42.135
  1  16   42.027
  1  17   42.108
  1  18   42.812
  1  19   44.412
  1  20   45.529
  1  21   43.806
  1  22   42.975
  1  23   44.626
  1  24   46.210
  1  25   47.616
  1  26   49.577
  1  27   50.157
  1  28   51.034
  1  29   51.369
  1  30   48.042
  1  31   46.118
  1  32   46.611
  1  33   49.208
  1  34   50.942
  1  35   53.186
  1  36   59.217
  1  37   65.510
  1  38   68.955
  1  39   74.358
  1  40   75.952
  1  41   85.552
  1  42  104.066
  1  43  106.333
  1  44  122.637
  1  45  129.429
  1  46  135.457
  1  47  142.604
  1  48  146.288
  1  49  157.011
  1  50  159.113
  1  51  177.926
  2   0   22.802
  2   1   22.768
  2   2   22.628
  2   3   21.425
  2   4   23.519
  2   5   24.973
  2   6   25.599
  2   7   27.840
  2   8   29.941
  2   9   31.568
  2  10   33.900
  2  11   36.370
  2  12   38.449
  2  13   40.165
  2  14   41.691
  2  15   41.956
  2  16   41.914
  2  17   41.676
  2  18   41.931
  2  19   43.411
  2  20   44.722
  2  21   43.500
  2  22   42.743
  2  23   44.289
  2  24   45.733
  2  25   46.916
  2  26   48.739
  2  27   48.892
  2  28   49.683
  2  29   50.486
  2  30   47.700
  2  31   45.301
  2  32   45.130
  2  33   47.676
  2  34   49.548
  2  35   51.390
  2  36   56.818
  2  37   63.018
  2  38   66.882
  2  39   72.489
  2  40   74.106
  2  41   81.905
  2  42   91.564
  2  43   98.713
  2  44  105.918
  2  45  113.307
  2  46  120.561
  2  47  130.251
  2  48  138.154
  2  49  147.349
  2  50  157.247
  2  51  176.137
  3   0   22.277
  3   1   23.744
  3   2   23.609
  3   3   20.114
  3   4   23.742
  3   5   22.791
  3   6   24.009
  3   7   26.068
  3   8   29.291
  3   9   31.846
  3  10   34.700
  3  11   37.270
  3  12   37.987
  3  13   35.687
  3  14   36.042
  3  15   35.298
  3  16   37.204
  3  17   32.084
  3  18   30.568
  3  19   27.546
  3  20   30.131
  3  21   33.471
  3  22   36.425
  3  23   34.271
  3  24   33.570
  3  25   33.220
  3  26   35.722
  3  27   33.443
  3  28   34.390
  3  29   38.707
  3  30   40.031
  3  31   29.928
  3  32   28.248
  3  33   31.159
  3  34   33.118
  3  35   34.253
  3  36   40.216
  3  37   47.112
  3  38   49.945
  3  39   57.314
  3  40   56.823
  3  41   66.359
  3  42   86.685
  3  43   87.163
  3  44  104.706
  3  45  111.338
  3  46  116.883
  3  47  124.376
  3  48  127.146
  3  49  139.579
  3  50  139.919
  3  51  158.730
  4   0   22.742
  4   1   26.179
  4   2   26.053
  4   3   20.692
  4   4   25.212
  4   5   23.115
  4   6   24.493
  4   7   26.497
  4   8   30.152
  4   9   33.359
  4  10   36.828
  4  11   39.538
  4  12   38.937
  4  13   35.678
  4  14   35.956
  4  15   35.170
  4  16   37.178
  4  17   31.897
  4  18   30.367
  4  19   27.334
  4  20   29.921
  4  21   33.279
  4  22   36.305
  4  23   34.079
  4  24   33.366
  4  25   33.011
  4  26   35.514
  4  27   33.231
  4  28   34.178
  4  29   38.503
  4  30   39.871
  4  31   29.717
  4  32   28.035
  4  33   30.947
  4  34   32.906
  4  35   34.041
  4  36   40.003
  4  37   46.900
  4  38   49.732
  4  39   57.102
  4  40   56.611
  4  41   66.147
  4  42   86.498
  4  43   86.952
  4  44  104.601
  4  45  111.206
  4  46  116.711
  4  47  124.181
  4  48  126.936
  4  49  139.375
  4  50  139.706
  4  51  158.517
  5   0   23.879
  5   1   29.449
  5   2   29.334
  5   3   21.942
  5   4   27.069
  5   5   24.244
  5   6   25.696
  5   7   27.673
  5   8   31.557
  5   9   35.253
  5  10   39.471
  5  11   42.420
  5  12   40.396
  5  13   36.673
  5  14   36.924
  5  15   36.123
  5  16   38.167
  5  17   32.830
  5  18   31.296
  5  19   28.258
  5  20   30.845
  5  21   34.210
  5  22   37.260
  5  23   35.009
  5  24   34.292
  5  25   33.936
  5  26   36.439
  5  27   34.155
  5  28   35.102
  5  29   39.429
  5  30   40.811
  5  31   30.641
  5  32   28.959
  5  33   31.871
  5  34   33.829
  5  35   34.964
  5  36   40.927
  5  37   47.824
  5  38   50.656
  5  39   58.026
  5  40   57.534
  5  41   67.070
  5  42   87.422
  5  43   87.876
  5  44  105.524
  5  45  112.129
  5  46  117.634
  5  47  125.104
  5  48  127.859
  5  49  140.298
  5  50  140.629
  5  51  159.440
  6   0   25.246
  6   1   32.992
  6   2   32.884
  6   3   24.329
  6   4   29.669
  6   5   26.596
  6   6   28.068
  6   7   30.038
  6   8   33.992
  6   9   37.869
  6  10   42.481
  6  11   45.599
  6  12   42.849
  6  13   38.987
  6  14   39.232
  6  15   38.427
  6  16   40.480
  6  17   35.128
  6  18   33.593
  6  19   30.553
  6  20   33.140
  6  21   36.506
  6  22   39.563
  6  23   37.305
  6  24   36.587
  6  25   36.231
  6  26   38.734
  6  27   36.450
  6  28   37.397
  6  29   41.725
  6  30   43.111
  6  31   32.936
  6  32   31.253
  6  33   34.165
  6  34   36.124
  6  35   37.259
  6  36   43.222
  6  37   50.118
  6  38   52.951
  6  39   60.320
  6  40   59.829
  6  41   69.365
  6  42   89.717
  6  43   90.170
  6  44  107.819
  6  45  114.424
  6  46  119.930
  6  47  127.399
  6  48  130.154
  6  49  142.593
  6  50  142.924
  6  51  161.735
  7   0   22.739
  7   1   36.689
  7   2   36.583
  7   3   27.451
  7   4   32.862
  7   5   29.697
  7   6   31.177
  7   7   33.145
  7   8   37.123
  7   9   41.069
  7  10   45.855
  7  11   49.060
  7  12   45.986
  7  13   42.077
  7  14   42.319
  7  15   41.512
  7  16   43.569
  7  17   38.212
  7  18   36.677
  7  19   33.624
  7  20   36.212
  7  21   39.579
  7  22   42.635
  7  23   40.375
  7  24   39.656
  7  25   39.300
  7  26   41.804
  7  27   39.520
  7  28   40.467
  7  29   44.795
  7  30   46.182
  7  31   36.006
  7  32   34.324
  7  33   37.236
  7  34   39.194
  7  35   40.329
  7  36   46.292
  7  37   53.189
  7  38   56.021
  7  39   63.391
  7  40   62.899
  7  41   72.435
  7  42   92.786
  7  43   93.240
  7  44  110.884
  7  45  117.491
  7  46  122.998
  7  47  130.469
  7  48  133.224
  7  49  145.663
  7  50  145.994
  7  51  164.805
  8   0   21.906
  8   1   39.502
  8   2   39.331
  8   3   29.229
  8   4   34.631
  8   5   31.356
  8   6   32.845
  8   7   34.810
  8   8   38.818
  8   9   42.849
  8  10   47.879
  8  11   51.217
  8  12   47.684
  8  13   43.721
  8  14   43.959
  8  15   43.152
  8  16   45.204
  8  17   39.848
  8  18   38.311
  8  19   35.119
  8  20   37.709
  8  21   41.079
  8  22   44.107
  8  23   41.842
  8  24   41.123
  8  25   40.767
  8  26   43.269
  8  27   40.998
  8  28   41.945
  8  29   46.273
  8  30   47.620
  8  31   37.483
  8  32   35.802
  8  33   38.714
  8  34   40.672
  8  35   41.808
  8  36   47.770
  8  37   54.667
  8  38   57.499
  8  39   64.868
  8  40   64.377
  8  41   73.913
  8  42   94.263
  8  43   94.719
  8  44  112.361
  8  45  118.968
  8  46  124.475
  8  47  131.946
  8  48  134.702
  8  49  147.141
  8  50  147.473
  8  51  166.284
  9   0   22.181
  9   1   41.754
  9   2   40.975
  9   3   31.688
  9   4   32.597
  9   5   31.386
  9   6   30.542
  9   7   31.485
  9   8   31.701
  9   9   32.357
  9  10   33.633
  9  11   34.949
  9  12   36.414
  9  13   38.037
  9  14   39.701
  9  15   40.932
  9  16   41.601
  9  17   40.349
  9  18   39.005
  9  19   36.801
  9  20   37.111
  9  21   37.076
  9  22   36.557
  9  23   37.373
  9  24   38.295
  9  25   38.812
  9  26   39.620
  9  27   39.747
  9  28   40.143
  9  29   40.860
  9  30   40.288
  9  31   38.400
  9  32   37.470
  9  33   38.985
  9  34   41.231
  9  35   43.043
  9  36   46.430
  9  37   52.031
  9  38   57.408
  9  39   61.870
  9  40   65.962
  9  41   70.005
  9  42   78.213
  9  43   85.586
  9  44   92.544
  9  45   99.935
  9  46  107.195
  9  47  116.905
  9  48  124.978
  9  49  134.044
  9  50  149.156
  9  51  168.649
 10   0   23.209
 10   1   26.441
 10   2   26.294
 10   3   24.962
 10   4   27.030
 10   5   28.221
 10   6   28.624
 10   7   30.540
 10   8   31.941
 10   9   33.074
 10  10   34.760
 10  11   36.413
 10  12   38.013
 10  13   39.624
 10  14   41.236
 10  15   42.175
 10  16   42.681
 10  17   41.454
 10  18   40.364
 10  19   38.081
 10  20   38.863
 10  21   39.051
 10  22   38.595
 10  23   39.381
 10  24   40.243
 10  25   40.714
 10  26   41.650
 10  27   41.600
 10  28   42.056
 10  29   42.957
 10  30   42.372
 10  31   39.862
 10  32   38.765
 10  33   40.614
 10  34   42.800
 10  35   44.463
 10  36   48.307
 10  37   54.025
 10  38   59.110
 10  39   63.883
 10  40   67.290
 10  41   72.073
 10  42   80.398
 10  43   87.756
 10  44   94.730
 10  45  102.120
 10  46  109.380
 10  47  119.089
 10  48  127.151
 10  49  136.226
 10  50  150.456
 10  51  169.731
 11   0   23.881
 11   1   25.176
 11   2   25.033
 11   3   23.779
 11   4   25.892
 11   5   27.265
 11   6   27.875
 11   7   30.062
 11   8   32.059
 11   9   33.588
 11  10   35.756
 11  11   37.966
 11  12   39.853
 11  13   41.426
 11  14   42.914
 11  15   43.310
 11  16   43.597
 11  17   42.343
 11  18   41.614
 11  19   39.383
 11  20   41.153
 11  21   42.079
 11  22   41.894
 11  23   42.557
 11  24   43.185
 11  25   43.486
 11  26   44.934
 11  27   44.212
 11  28   44.875
 11  29   46.572
 11  30   45.906
 11  31   41.493
 11  32   40.110
 11  33   42.606
 11  34   44.654
 11  35   46.022
 11  36   51.000
 11  37   57.157
 11  38   61.283
 11  39   67.101
 11  40   68.687
 11  41   75.547
 11  42   84.546
 11  43   91.806
 11  44   98.883
 11  45  106.273
 11  46  113.530
 11  47  123.233
 11  48  131.223
 11  49  140.358
 11  50  151.808
 11  51  170.766
 12   0   24.212
 12   1   25.604
 12   2   25.467
 12   3   22.835
 12   4   25.933
 12   5   25.720
 12   6   26.791
 12   7   28.888
 12   8   31.751
 12   9   33.909
 12  10   36.460
 12  11   38.880
 12  12   40.176
 12  13   38.890
 12  14   39.373
 12  15   38.712
 12  16   40.474
 12  17   35.596
 12  18   34.100
 12  19   31.092
 12  20   33.666
 12  21   36.938
 12  22   39.639
 12  23   37.724
 12  24   37.074
 12  25   36.741
 12  26   39.216
 12  27   36.974
 12  28   37.916
 12  29   42.147
 12  30   43.306
 12  31   33.470
 12  32   31.794
 12  33   34.701
 12  34   36.661
 12  35   37.799
 12  36   43.748
 12  37   50.630
 12  38   53.485
 12  39   60.825
 12  40   60.370
 12  41   69.854
 12  42   86.983
 12  43   90.302
 12  44  101.939
 12  45  109.255
 12  46  116.255
 12  47  125.350
 12  48  130.188
 12  49  141.600
 12  50  143.466
 12  51  162.278
 13   0   24.732
 13   1   26.405
 13   2   26.269
 13   3   22.512
 13   4   26.282
 13   5   25.138
 13   6   26.387
 13   7   28.434
 13   8   31.732
 13   9   34.379
 13  10   37.298
 13  11   39.867
 13  12   40.420
 13  13   37.958
 13  14   38.299
 13  15   37.546
 13  16   39.475
 13  17   34.319
 13  18   32.800
 13  19   29.773
 13  20   32.359
 13  21   35.701
 13  22   38.664
 13  23   36.500
 13  24   35.797
 13  25   35.447
 13  26   37.948
 13  27   35.669
 13  28   36.616
 13  29   40.932
 13  30   42.261
 13  31   32.155
 13  32   30.474
 13  33   33.386
 13  34   35.345
 13  35   36.480
 13  36   42.442
 13  37   49.338
 13  38   52.171
 13  39   59.539
 13  40   59.050
 13  41   68.584
 13  42   88.658
 13  43   89.372
 13  44  106.003
 13  45  112.843
 13  46  118.713
 13  47  126.428
 13  48  129.350
 13  49  141.722
 13  50  142.145
 13  51  160.956
 14   0   25.414
 14   1   27.035
 14   2   26.899
 14   3   22.969
 14   4   26.830
 14   5   25.566
 14   6   26.834
 14   7   28.872
 14   8   32.217
 14   9   34.936
 14  10   37.917
 14  11   40.510
 14  12   40.934
 14  13   38.338
 14  14   38.664
 14  15   37.904
 14  16   39.847
 14  17   34.668
 14  18   33.148
 14  19   30.119
 14  20   32.705
 14  21   36.052
 14  22   39.030
 14  23   36.850
 14  24   36.145
 14  25   35.794
 14  26   38.296
 14  27   36.016
 14  28   36.961
 14  29   41.281
 14  30   42.618
 14  31   32.498
 14  32   30.818
 14  33   33.729
 14  34   35.688
 14  35   36.823
 14  36   42.786
 14  37   49.682
 14  38   52.515
 14  39   59.884
 14  40   59.393
 14  41   68.929
 14  42   89.203
 14  43   89.729
 14  44  107.062
 14  45  113.747
 14  46  119.369
 14  47  126.910
 14  48  129.712
 14  49  142.132
 14  50  142.489
 14  51  161.299
 15   0   26.055
 15   1   27.819
 15   2   27.683
 15   3   23.696
 15   4   27.584
 15   5   26.277
 15   6   27.549
 15   7   29.579
 15   8   32.931
 15   9   35.675
 15  10   38.678
 15  11   41.270
 15  12   41.647
 15  13   39.004
 15  14   39.312
 15  15   38.548
 15  16   40.497
 15  17   35.308
 15  18   33.787
 15  19   30.745
 15  20   33.332
 15  21   36.679
 15  22   39.657
 15  23   37.475
 15  24   36.769
 15  25   36.417
 15  26   38.918
 15  27   36.635
 15  28   37.575
 15  29   41.894
 15  30   43.229
 15  31   33.109
 15  32   31.428
 15  33   34.340
 15  34   36.299
 15  35   37.434
 15  36   43.396
 15  37   50.292
 15  38   53.125
 15  39   60.494
 15  40   60.004
 15  41   69.539
 15  42   89.734
 15  43   90.334
 15  44  107.373
 15  45  114.127
 15  46  119.855
 15  47  127.466
 15  48  130.315
 15  49  142.717
 15  50  143.099
 15  51  161.910
 16   0   26.782
 16   1   27.790
 16   2   27.651
 16   3   24.067
 16   4   27.735
 16   5   26.719
 16   6   27.942
 16   7   29.977
 16   8   33.203
 16   9   35.808
 16  10   38.708
 16  11   41.287
 16  12   41.917
 16  13   39.493
 16  14   39.800
 16  15   39.039
 16  16   40.955
 16  17   35.807
 16  18   34.289
 16  19   31.237
 16  20   33.823
 16  21   37.167
 16  22   40.128
 16  23   37.960
 16  24   37.257
 16  25   36.906
 16  26   39.403
 16  27   37.112
 16  28   38.042
 16  29   42.361
 16  30   43.679
 16  31   33.568
 16  32   31.888
 16  33   34.800
 16  34   36.759
 16  35   37.894
 16  36   43.857
 16  37   50.753
 16  38   53.586
 16  39   60.954
 16  40   60.464
 16  41   70.000
 16  42   90.304
 16  43   90.802
 16  44  108.254
 16  45  114.910
 16  46  120.488
 16  47  128.002
 16  48  130.785
 16  49  143.212
 16  50  143.559
 16  51  162.370
 17   0   27.425
 17   1   30.374
 17   2   30.249
 17   3   25.375
 17   4   29.689
 17   5   27.824
 17   6   29.134
 17   7   31.002
 17   8   34.368
 17   9   37.517
 17  10   41.000
 17  11   43.713
 17  12   43.236
 17  13   39.863
 17  14   39.974
 17  15   39.153
 17  16   41.117
 17  17   35.807
 17  18   34.277
 17  19   31.163
 17  20   33.751
 17  21   37.112
 17  22   40.127
 17  23   37.893
 17  24   37.176
 17  25   36.805
 17  26   39.277
 17  27   36.954
 17  28   37.824
 17  29   42.149
 17  30   43.443
 17  31   33.310
 17  32   31.632
 17  33   34.544
 17  34   36.503
 17  35   37.638
 17  36   43.600
 17  37   50.497
 17  38   53.329
 17  39   60.699
 17  40   60.207
 17  41   69.743
 17  42   90.086
 17  43   90.548
 17  44  108.161
 17  45  114.776
 17  46  120.294
 17  47  127.772
 17  48  130.532
 17  49  142.969
 17  50  143.303
 17  51  162.114
 18   0   28.877
 18   1   32.232
 18   2   32.099
 18   3   25.750
 18   4   30.352
 18   5   27.954
 18   6   29.052
 18   7   30.639
 18   8   32.938
 18   9   34.467
 18  10   35.681
 18  11   36.847
 18  12   38.005
 18  13   37.907
 18  14   38.383
 18  15   37.960
 18  16   39.132
 18  17   34.774
 18  18   33.240
 18  19   30.247
 18  20   32.363
 18  21   34.241
 18  22   34.642
 18  23   34.720
 18  24   34.895
 18  25   34.873
 18  26   36.527
 18  27   35.143
 18  28   35.814
 18  29   38.343
 18  30   38.203
 18  31   31.894
 18  32   30.312
 18  33   33.000
 18  34   35.013
 18  35   36.256
 18  36   41.639
 18  37   48.048
 18  38   51.705
 18  39   58.088
 18  40   58.874
 18  41   66.659
 18  42   76.347
 18  43   83.483
 18  44   90.692
 18  45   98.081
 18  46  105.335
 18  47  115.030
 18  48  122.926
 18  49  132.152
 18  50  141.982
 18  51  160.869
 19   0   30.338
 19   1   35.454
 19   2   35.321
 19   3   28.098
 19   4   32.539
 19   5   30.027
 19   6   30.793
 19   7   31.994
 19   8   33.383
 19   9   34.218
 19  10   35.042
 19  11   36.115
 19  12   37.357
 19  13   37.957
 19  14   38.642
 19  15   38.378
 19  16   38.873
 19  17   35.140
 19  18   33.588
 19  19   30.697
 19  20   32.327
 19  21   33.386
 19  22   33.267
 19  23   33.767
 19  24   34.287
 19  25   34.448
 19  26   35.702
 19  27   34.799
 19  28   35.342
 19  29   37.133
 19  30   36.661
 19  31   31.829
 19  32   30.349
 19  33   32.799
 19  34   34.866
 19  35   36.222
 19  36   41.088
 19  37   47.198
 19  38   51.427
 19  39   57.157
 19  40   58.893
 19  41   65.527
 19  42   74.413
 19  43   81.691
 19  44   88.749
 19  45   96.139
 19  46  103.397
 19  47  113.101
 19  48  121.104
 19  49  130.241
 19  50  142.015
 19  51  160.995
 20   0   32.034
 20   1   39.166
 20   2   39.024
 20   3   29.639
 20   4   34.374
 20   5   31.247
 20   6   31.849
 20   7   32.608
 20   8   34.269
 20   9   35.783
 20  10   36.886
 20  11   37.976
 20  12   39.083
 20  13   38.796
 20  14   38.916
 20  15   38.081
 20  16   38.845
 20  17   33.879
 20  18   32.322
 20  19   29.150
 20  20   31.351
 20  21   33.422
 20  22   33.985
 20  23   33.909
 20  24   33.904
 20  25   33.670
 20  26   35.329
 20  27   33.574
 20  28   34.211
 20  29   37.092
 20  30   37.001
 20  31   30.024
 20  32   28.417
 20  33   31.162
 20  34   33.161
 20  35   34.376
 20  36   39.897
 20  37   46.406
 20  38   49.886
 20  39   56.476
 20  40   56.981
 20  41   65.125
 20  42   75.235
 20  43   82.281
 20  44   89.586
 20  45   96.975
 20  46  104.226
 20  47  113.915
 20  48  121.742
 20  49  131.024
 20  50  140.085
 20  51  158.952
 21   0   33.584
 21   1   41.960
 21   2   41.579
 21   3   29.833
 21   4   33.818
 21   5   30.507
 21   6   30.484
 21   7   30.717
 21   8   32.001
 21   9   33.415
 21  10   34.450
 21  11   35.521
 21  12   36.656
 21  13   36.464
 21  14   36.540
 21  15   35.637
 21  16   36.229
 21  17   31.156
 21  18   29.577
 21  19   26.416
 21  20   28.507
 21  21   30.329
 21  22   30.672
 21  23   30.764
 21  24   30.784
 21  25   30.571
 21  26   32.124
 21  27   30.469
 21  28   31.053
 21  29   33.628
 21  30   33.346
 21  31   26.953
 21  32   25.372
 21  33   28.053
 21  34   30.067
 21  35   31.313
 21  36   36.680
 21  37   43.080
 21  38   46.754
 21  39   53.117
 21  40   53.931
 21  41   61.679
 21  42   71.329
 21  43   78.473
 21  44   85.673
 21  45   93.063
 21  46  100.317
 21  47  110.012
 21  48  117.913
 21  49  127.122
 21  50  137.039
 21  51  155.929
 22   0   35.011
 22   1   40.626
 22   2   40.070
 22   3   29.756
 22   4   31.935
 22   5   29.551
 22   6   28.887
 22   7   29.024
 22   8   29.391
 22   9   29.948
 22  10   30.620
 22  11   31.647
 22  12   32.922
 22  13   33.742
 22  14   34.396
 22  15   34.053
 22  16   33.937
 22  17   30.105
 22  18   28.425
 22  19   25.567
 22  20   26.697
 22  21   27.217
 22  22   26.864
 22  23   27.531
 22  24   28.182
 22  25   28.387
 22  26   29.323
 22  27   28.629
 22  28   28.954
 22  29   30.076
 22  30   29.322
 22  31   25.815
 22  32   24.496
 22  33   26.564
 22  34   28.710
 22  35   30.244
 22  36   34.424
 22  37   40.251
 22  38   45.086
 22  39   50.144
 22  40   53.007
 22  41   58.364
 22  42   66.811
 22  43   74.153
 22  44   81.144
 22  45   88.535
 22  46   95.793
 22  47  105.502
 22  48  113.552
 22  49  122.637
 22  50  136.155
 22  51  155.310
 23   0   34.334
 23   1   39.898
 23   2   39.220
 23   3   25.586
 23   4   29.846
 23   5   26.079
 23   6   26.100
 23   7   26.244
 23   8   28.008
 23   9   30.380
 23  10   32.131
 23  11   33.312
 23  12   34.120
 23  13   32.557
 23  14   32.203
 23  15   31.000
 23  16   31.900
 23  17   26.268
 23  18   24.713
 23  19   21.440
 23  20   23.837
 23  21   26.459
 23  22   27.660
 23  23   26.998
 23  24   26.497
 23  25   26.028
 23  26   27.872
 23  27   25.716
 23  28   26.367
 23  29   29.721
 23  30   29.858
 23  31   21.988
 23  32   20.354
 23  33   23.166
 23  34   25.149
 23  35   26.332
 23  36   32.024
 23  37   38.668
 23  38   41.914
 23  39   48.781
 23  40   48.922
 23  41   57.550
 23  42   68.518
 23  43   75.341
 23  44   82.883
 23  45   90.270
 23  46   97.516
 23  47  107.188
 23  48  114.844
 23  49  124.254
 23  50  132.023
 23  51  150.867
 24   0   33.530
 24   1   39.104
 24   2   37.544
 24   3   29.864
 24   4   27.533
 24   5   26.580
 24   6   24.941
 24   7   25.040
 24   8   24.539
 24   9   24.632
 24  10   25.166
 24  11   26.177
 24  12   27.501
 24  13   28.816
 24  14   29.942
 24  15   30.326
 24  16   29.379
 24  17   27.680
 24  18   25.703
 24  19   24.001
 24  20   22.727
 24  21   22.145
 24  22   21.486
 24  23   22.394
 24  24   23.423
 24  25   23.990
 24  26   24.465
 24  27   24.670
 24  28   24.715
 24  29   24.896
 24  30   23.977
 24  31   23.211
 24  32   22.822
 24  33   23.177
 24  34   25.579
 24  35   27.850
 24  36   30.051
 24  37   35.446
 24  38   41.402
 24  39   45.254
 24  40   51.131
 24  41   53.297
 24  42   61.334
 24  43   68.727
 24  44   75.663
 24  45   83.054
 24  46   90.314
 24  47  100.026
 24  48  108.114
 24  49  117.168
 24  50  134.445
 24  51  155.254
 25   0   31.008
 25   1   37.135
 25   2   36.935
 25   3   27.891
 25   4   31.934
 25   5   28.438
 25   6   28.436
 25   7   28.594
 25   8   30.259
 25   9   32.403
 25  10   33.946
 25  11   35.094
 25  12   36.010
 25  13   34.793
 25  14   34.520
 25  15   33.364
 25  16   34.212
 25  17   28.665
 25  18   27.105
 25  19   23.839
 25  20   26.185
 25  21   28.648
 25  22   29.623
 25  23   29.154
 25  24   28.762
 25  25   28.339
 25  26   30.118
 25  27   28.056
 25  28   28.690
 25  29   31.855
 25  30   31.878
 25  31   24.367
 25  32   22.742
 25  33   25.528
 25  34   27.518
 25  35   28.713
 25  36   34.336
 25  37   40.924
 25  38   44.266
 25  39   51.019
 25  40   51.308
 25  41   59.736
 25  42   70.291
 25  43   77.228
 25  44   84.649
 25  45   92.037
 25  46   99.286
 25  47  108.966
 25  48  116.710
 25  49  126.048
 25  50  134.411
 25  51  153.264
 26   0   30.096
 26   1   29.510
 26   2   29.356
 26   3   27.438
 26   4   29.058
 26   5   28.883
 26   6   28.220
 26   7   28.645
 26   8   28.672
 26   9   28.987
 26  10   29.603
 26  11   30.634
 26  12   31.947
 26  13   33.084
 26  14   34.018
 26  15   34.061
 26  16   33.501
 26  17   30.676
 26  18   28.883
 26  19   26.407
 26  20   26.579
 26  21   26.477
 26  22   25.930
 26  23   26.747
 26  24   27.623
 26  25   28.030
 26  26   28.706
 26  27   28.501
 26  28   28.681
 26  29   29.265
 26  30   28.409
 26  31   26.277
 26  32   25.265
 26  33   26.706
 26  34   28.963
 26  35   30.781
 26  36   34.080
 26  37   39.665
 26  38   45.091
 26  39   49.508
 26  40   53.716
 26  41   57.622
 26  42   65.813
 26  43   73.187
 26  44   80.143
 26  45   87.534
 26  46   94.794
 26  47  104.504
 26  48  112.579
 26  49  121.644
 26  50  136.914
 26  51  156.457
 27   0   28.486
 27   1   29.445
 27   2   29.305
 27   3   27.308
 27   4   29.859
 27   5   29.742
 27   6   30.102
 27   7   30.994
 27   8   32.941
 27   9   35.304
 27  10   37.453
 27  11   39.003
 27  12   39.878
 27  13   38.120
 27  14   37.732
 27  15   36.498
 27  16   37.466
 27  17   31.759
 27  18   30.212
 27  19   26.912
 27  20   29.361
 27  21   32.157
 27  22   33.618
 27  23   32.690
 27  24   32.061
 27  25   31.539
 27  26   33.443
 27  27   31.194
 27  28   31.860
 27  29   35.409
 27  30   35.721
 27  31   27.430
 27  32   25.785
 27  33   28.622
 27  34   30.599
 27  35   31.770
 27  36   37.526
 27  37   44.226
 27  38   47.379
 27  39   54.357
 27  40   54.355
 27  41   63.180
 27  42   74.668
 27  43   81.328
 27  44   89.045
 27  45   96.431
 27  46  103.672
 27  47  113.331
 27  48  120.861
 27  49  130.373
 27  50  137.454
 27  51  156.290
 28   0   28.700
 28   1   27.708
 28   2   27.564
 28   3   24.790
 28   4   27.830
 28   5   27.108
 28   6   27.670
 28   7   28.668
 28   8   30.637
 28   9   32.740
 28  10   34.484
 28  11   35.834
 28  12   36.823
 28  13   35.667
 28  14   35.466
 28  15   34.349
 28  16   35.225
 28  17   29.722
 28  18   28.164
 28  19   24.886
 28  20   27.231
 28  21   29.689
 28  22   30.641
 28  23   30.145
 28  24   29.748
 28  25   29.310
 28  26   31.025
 28  27   29.073
 28  28   29.706
 28  29   32.835
 28  30   32.826
 28  31   25.393
 28  32   23.771
 28  33   26.551
 28  34   28.542
 28  35   29.740
 28  36   35.349
 28  37   41.925
 28  38   45.287
 28  39   52.016
 28  40   52.337
 28  41   60.723
 28  42   71.207
 28  43   78.162
 28  44   85.563
 28  45   92.951
 28  46  100.200
 28  47  109.882
 28  48  117.640
 28  49  126.967
 28  50  135.440
 28  51  154.295
 29   0   28.832
 29   1   29.854
 29   2   29.714
 29   3   25.707
 29   4   28.674
 29   5   27.193
 29   6   27.150
 29   7   27.696
 29   8   28.239
 29   9   28.804
 29  10   29.492
 29  11   30.529
 29  12   31.810
 29  13   32.664
 29  14   33.373
 29  15   33.095
 29  16   32.929
 29  17   29.253
 29  18   27.556
 29  19   24.724
 29  20   25.726
 29  21   26.137
 29  22   25.734
 29  23   26.419
 29  24   27.091
 29  25   27.232
 29  26   27.913
 29  27   27.758
 29  28   28.019
 29  29   28.914
 29  30   28.109
 29  31   25.138
 29  32   23.916
 29  33   25.778
 29  34   27.963
 29  35   29.591
 29  36   33.453
 29  37   39.181
 29  38   44.250
 29  39   49.052
 29  40   52.409
 29  41   57.226
 29  42   65.558
 29  43   72.915
 29  44   79.889
 29  45   87.280
 29  46   94.539
 29  47  104.249
 29  48  112.310
 29  49  121.386
 29  50  135.572
 29  51  154.839
 30   0   29.800
 30   1   33.429
 30   2   33.274
 30   3   24.626
 30   4   28.927
 30   5   25.855
 30   6   26.136
 30   7   26.613
 30   8   27.963
 30   9   29.290
 30  10   30.277
 30  11   31.345
 30  12   32.497
 30  13   32.429
 30  14   32.588
 30  15   31.742
 30  16   32.256
 30  17   27.305
 30  18   25.712
 30  19   22.545
 30  20   24.528
 30  21   26.137
 30  22   26.306
 30  23   26.499
 30  24   26.588
 30  25   25.944
 30  26   26.217
 30  27   29.063
 30  28   29.164
 30  29   29.659
 30  30   28.750
 30  31   26.698
 30  32   25.711
 30  33   27.087
 30  34   29.353
 30  35   31.199
 30  36   34.420
 30  37   39.988
 30  38   45.459
 30  39   49.828
 30  40   54.152
 30  41   57.935
 30  42   66.111
 30  43   73.487
 30  44   80.441
 30  45   87.832
 30  46   95.092
 30  47  104.802
 30  48  112.878
 30  49  121.942
 30  50  137.356
 30  51  156.947
 31   0   27.979
 31   1   35.444
 31   2   35.072
 31   3   23.446
 31   4   27.151
 31   5   23.935
 31   6   23.800
 31   7   23.996
 31   8   25.144
 31   9   26.403
 31  10   27.360
 31  11   28.420
 31  12   29.581
 31  13   29.545
 31  14   29.683
 31  15   28.821
 31  16   29.318
 31  17   24.343
 31  18   22.751
 31  19   19.667
 31  20   21.638
 31  21   23.224
 31  22   23.383
 31  23   23.588
 31  24   23.676
 31  25   23.007
 31  26   23.235
 31  27   26.252
 31  28   26.228
 31  29   27.096
 31  30   28.599
 31  31   25.446
 31  32   24.117
 31  33   26.898
 31  34   28.914
 31  35   30.158
 31  36   35.731
 31  37   42.261
 31  38   45.687
 31  39   52.313
 31  40   52.764
 31  41   61.050
 31  42   71.364
 31  43   78.362
 31  44   85.718
 31  45   93.106
 31  46  100.357
 31  47  110.041
 31  48  117.832
 31  49  127.130
 31  50  135.869
 31  51  154.729
 32   0   29.097
 32   1   30.457
 32   2   30.226
 32   3   19.298
 32   4   23.516
 32   5   19.826
 32   6   19.853
 32   7   20.008
 32   8   21.776
 32   9   24.148
 32  10   25.903
 32  11   27.087
 32  12   27.860
 32  13   26.200
 32  14   25.827
 32  15   24.610
 32  16   25.536
 32  17   19.869
 32  18   18.316
 32  19   15.024
 32  20   17.432
 32  21   20.090
 32  22   21.333
 32  23   20.584
 32  24   20.003
 32  25   18.864
 32  26   19.032
 32  27   24.260
 32  28   23.823
 32  29   25.466
 32  30   26.870
 32  31   21.002
 32  32   19.427
 32  33   22.286
 32  34   24.264
 32  35   25.436
 32  36   31.242
 32  37   37.980
 32  38   41.065
 32  39   48.117
 32  40   48.019
 32  41   57.004
 32  42   69.049
 32  43   75.509
 32  44   83.442
 32  45   90.826
 32  46   98.061
 32  47  107.702
 32  48  115.076
 32  49  124.712
 32  50  131.118
 32  51  149.947
 33   0   29.556
 33   1   30.817
 33   2   29.660
 33   3   14.207
 33   4   18.655
 33   5   14.737
 33   6   14.814
 33   7   14.957
 33   8   16.903
 33   9   19.787
 33  10   22.198
 33  11   23.518
 33  12   23.871
 33  13   21.301
 33  14   20.775
 33  15   19.474
 33  16   20.493
 33  17   14.679
 33  18   13.131
 33  19    9.793
 33  20   12.290
 33  21   15.265
 33  22   17.057
 33  23   15.777
 33  24   14.963
 33  25   13.703
 33  26   13.859
 33  27   19.998
 33  28   19.351
 33  29   21.565
 33  30   22.839
 33  31   15.826
 33  32   14.208
 33  33   17.074
 33  34   19.046
 33  35   20.210
 33  36   26.039
 33  37   32.801
 33  38   35.848
 33  39   42.950
 33  40   42.790
 33  41   51.851
 33  42   64.229
 33  43   70.556
 33  44   78.633
 33  45   86.016
 33  46   93.246
 33  47  102.875
 33  48  110.144
 33  49  119.863
 33  50  125.888
 33  51  144.715
 34   0   31.811
 34   1   31.289
 34   2   27.677
 34   3   19.132
 34   4   16.268
 34   5   15.372
 34   6   13.681
 34   7   13.777
 34   8   13.246
 34   9   13.327
 34  10   13.857
 34  11   14.868
 34  12   16.190
 34  13   17.508
 34  14   18.609
 34  15   18.947
 34  16   17.901
 34  17   16.285
 34  18   14.274
 34  19   12.666
 34  20   11.218
 34  21   10.598
 34  22    9.922
 34  23   10.827
 34  24   11.827
 34  25   12.320
 34  26   12.700
 34  27   12.900
 34  28   12.947
 34  29   13.377
 34  30   14.694
 34  31   15.344
 34  32   16.121
 34  33   16.935
 34  34   19.384
 34  35   21.883
 34  36   24.033
 34  37   29.393
 34  38   35.392
 34  39   39.163
 34  40   45.257
 34  41   47.272
 34  42   55.298
 34  43   62.693
 34  44   69.628
 34  45   77.019
 34  46   84.279
 34  47   93.991
 34  48  102.080
 34  49  111.132
 34  50  128.606
 34  51  149.666
 35   0   32.254
 35   1   34.234
 35   2   33.348
 35   3   19.249
 35   4   22.724
 35   5   19.487
 35   6   19.243
 35   7   19.375
 35   8   20.476
 35   9   21.724
 35  10   22.677
 35  11   23.736
 35  12   24.888
 35  13   24.807
 35  14   24.909
 35  15   24.019
 35  16   24.488
 35  17   19.524
 35  18   17.930
 35  19   14.728
 35  20   16.709
 35  21   18.314
 35  22   18.474
 35  23   18.659
 35  24   18.728
 35  25   18.034
 35  26   18.244
 35  27   21.445
 35  28   21.306
 35  29   22.147
 35  30   23.458
 35  31   20.347
 35  32   19.053
 35  33   21.663
 35  34   23.712
 35  35   25.033
 35  36   30.194
 35  37   36.450
 35  38   40.379
 35  39   46.431
 35  40   47.677
 35  41   54.936
 35  42   64.180
 35  43   71.400
 35  44   78.520
 35  45   85.910
 35  46   93.166
 35  47  102.866
 35  48  110.825
 35  49  119.986
 35  50  130.792
 35  51  149.717
 36   0   32.541
 36   1   33.760
 36   2   33.240
 36   3   21.666
 36   4   24.676
 36   5   21.761
 36   6   21.369
 36   7   21.500
 36   8   22.312
 36   9   23.243
 36  10   24.055
 36  11   25.097
 36  12   26.309
 36  13   26.629
 36  14   26.932
 36  15   26.215
 36  16   26.460
 36  17   21.874
 36  18   20.253
 36  19   17.136
 36  20   18.856
 36  21   20.034
 36  22   19.947
 36  23   20.349
 36  24   20.641
 36  25   20.152
 36  26   20.384
 36  27   22.918
 36  28   22.837
 36  29   23.542
 36  30   24.839
 36  31   22.325
 36  32   21.118
 36  33   23.630
 36  34   25.707
 36  35   27.089
 36  36   32.019
 36  37   38.147
 36  38   42.324
 36  39   48.091
 36  40   49.758
 36  41   56.516
 36  42   65.463
 36  43   72.732
 36  44   79.799
 36  45   87.190
 36  46   94.447
 36  47  104.150
 36  48  112.146
 36  49  121.276
 36  50  132.880
 36  51  151.848
 37   0   32.770
 37   1   33.383
 37   2   33.049
 37   3   22.550
 37   4   25.884
 37   5   22.798
 37   6   22.524
 37   7   22.664
 37   8   23.685
 37   9   24.834
 37  10   25.740
 37  11   26.794
 37  12   27.967
 37  13   28.016
 37  14   28.179
 37  15   27.338
 37  16   27.741
 37  17   22.885
 37  18   21.284
 37  19   18.109
 37  20   20.018
 37  21   21.493
 37  22   21.572
 37  23   21.831
 37  24   21.971
 37  25   21.338
 37  26   21.535
 37  27   24.506
 37  28   24.367
 37  29   25.189
 37  30   26.392
 37  31   22.151
 37  32   20.452
 37  33   23.151
 37  34   25.171
 37  35   26.428
 37  36   31.812
 37  37   38.216
 37  38   41.876
 37  39   48.246
 37  40   49.044
 37  41   56.831
 37  42   66.521
 37  43   73.656
 37  44   80.865
 37  45   88.255
 37  46   95.508
 37  47  105.203
 37  48  113.098
 37  49  122.312
 37  50  132.153
 37  51  151.040
 38   0   33.628
 38   1   33.578
 38   2   33.191
 38   3   22.810
 38   4   25.872
 38   5   22.963
 38   6   22.597
 38   7   22.736
 38   8   23.577
 38   9   24.533
 38  10   25.354
 38  11   26.398
 38  12   27.606
 38  13   27.898
 38  14   28.187
 38  15   27.456
 38  16   27.717
 38  17   23.103
 38  18   21.484
 38  19   18.366
 38  20   20.106
 38  21   21.313
 38  22   21.242
 38  23   21.633
 38  24   21.911
 38  25   21.406
 38  26   21.436
 38  27   24.052
 38  28   23.877
 38  29   24.672
 38  30   25.424
 38  31   20.557
 38  32   18.661
 38  33   21.215
 38  34   23.259
 38  35   24.562
 38  36   29.638
 38  37   35.858
 38  38   39.869
 38  39   45.849
 38  40   47.204
 38  41   54.278
 38  42   63.403
 38  43   70.643
 38  44   77.741
 38  45   85.131
 38  46   92.388
 38  47  102.090
 38  48  110.063
 38  49  119.212
 38  50  130.320
 38  51  149.260
 39   0   34.434
 39   1   35.457
 39   2   34.655
 39   3   23.108
 39   4   25.489
 39   5   22.950
 39   6   22.352
 39   7   22.481
 39   8   22.954
 39   9   23.593
 39  10   24.293
 39  11   25.322
 39  12   26.580
 39  13   27.255
 39  14   27.784
 39  15   27.295
 39  16   27.250
 39  17   23.190
 39  18   21.525
 39  19   18.555
 39  20   19.870
 39  21   20.561
 39  22   20.258
 39  23   20.848
 39  24   21.361
 39  25   21.083
 39  26   20.794
 39  27   22.956
 39  28   22.773
 39  29   23.302
 39  30   23.703
 39  31   19.437
 39  32   17.607
 39  33   19.871
 39  34   21.973
 39  35   23.392
 39  36   27.915
 39  37   33.873
 39  38   38.422
 39  39   43.805
 39  40   46.099
 39  41   52.069
 39  42   60.692
 39  43   68.009
 39  44   75.026
 39  45   82.416
 39  46   89.674
 39  47   99.381
 39  48  107.413
 39  49  116.514
 39  50  129.232
 39  51  148.290
 40   0   34.220
 40   1   37.558
 40   2   36.081
 40   3   23.985
 40   4   25.652
 40   5   23.471
 40   6   22.652
 40   7   22.774
 40   8   22.963
 40   9   23.408
 40  10   24.043
 40  11   25.065
 40  12   26.348
 40  13   27.252
 40  14   27.955
 40  15   27.672
 40  16   27.372
 40  17   23.824
 40  18   22.108
 40  19   19.314
 40  20   20.181
 40  21   20.488
 40  22   20.049
 40  23   20.753
 40  24   21.364
 40  25   20.968
 40  26   20.426
 40  27   22.509
 40  28   22.262
 40  29   22.531
 40  30   22.845
 40  31   18.785
 40  32   16.980
 40  33   19.137
 40  34   21.260
 40  35   22.722
 40  36   27.062
 40  37   32.949
 40  38   37.654
 40  39   42.867
 40  40   45.454
 40  41   51.092
 40  42   59.615
 40  43   66.946
 40  44   73.947
 40  45   81.338
 40  46   88.597
 40  47   98.304
 40  48  106.347
 40  49  115.439
 40  50  128.594
 40  51  147.700
 41   0   33.952
 41   1   37.037
 41   2   36.027
 41   3   22.826
 41   4   25.932
 41   5   22.941
 41   6   22.578
 41   7   22.710
 41   8   23.571
 41   9   24.549
 41  10   25.378
 41  11   26.422
 41  12   27.627
 41  13   27.893
 41  14   28.167
 41  15   27.423
 41  16   27.699
 41  17   23.057
 41  18   21.439
 41  19   18.324
 41  20   20.082
 41  21   21.316
 41  22   21.259
 41  23   21.624
 41  24   21.244
 41  25   19.481
 41  26   18.266
 41  27   22.417
 41  28   21.744
 41  29   22.730
 41  30   22.977
 41  31   16.092
 41  32   14.033
 41  33   16.706
 41  34   18.720
 41  35   19.960
 41  36   25.308
 41  37   31.697
 41  38   35.393
 41  39   41.738
 41  40   42.574
 41  41   50.275
 41  42   59.880
 41  43   67.032
 41  44   74.223
 41  45   81.613
 41  46   88.867
 41  47   98.563
 41  48  106.471
 41  49  115.674
 41  50  125.683
 41  51  144.576
 42   0   35.015
 42   1   36.109
 42   2   34.776
 42   3   20.880
 42   4   24.105
 42   5   21.027
 42   6   20.702
 42   7   20.831
 42   8   21.772
 42   9   22.833
 42  10   23.698
 42  11   24.747
 42  12   25.936
 42  13   26.099
 42  14   26.317
 42  15   25.525
 42  16   25.861
 42  17   21.114
 42  18   19.504
 42  19   16.359
 42  20   18.194
 42  21   19.547
 42  22   19.538
 42  23   19.760
 42  24   18.637
 42  25   16.523
 42  26   15.184
 42  27   19.365
 42  28   18.540
 42  29   19.405
 42  30   19.622
 42  31   12.907
 42  32   10.856
 42  33   13.504
 42  34   15.524
 42  35   16.774
 42  36   22.065
 42  37   28.417
 42  38   32.181
 42  39   38.448
 42  40   39.394
 42  41   46.957
 42  42   56.438
 42  43   63.614
 42  44   70.780
 42  45   78.170
 42  46   85.425
 42  47   95.122
 42  48  103.048
 42  49  112.237
 42  50  122.504
 42  51  141.406
 43   0   36.852
 43   1   36.723
 43   2   34.093
 43   3   20.852
 43   4   22.674
 43   5   20.384
 43   6   19.613
 43   7   19.728
 43   8   19.994
 43   9   20.491
 43  10   21.142
 43  11   22.166
 43  12   23.442
 43  13   24.286
 43  14   24.941
 43  15   24.598
 43  16   24.370
 43  17   20.668
 43  18   18.968
 43  19   16.114
 43  20   17.123
 43  21   17.538
 43  22   17.079
 43  23   17.403
 43  24   16.526
 43  25   14.579
 43  26   13.278
 43  27   16.457
 43  28   15.673
 43  29   15.965
 43  30   16.177
 43  31   10.941
 43  32    8.994
 43  33   11.404
 43  34   13.476
 43  35   14.829
 43  36   19.621
 43  37   25.699
 43  38   29.998
 43  39   35.661
 43  40   37.500
 43  41   43.988
 43  42   52.809
 43  43   60.097
 43  44   67.144
 43  45   74.534
 43  46   81.792
 43  47   91.497
 43  48   99.507
 43  49  108.626
 43  50  120.625
 43  51  139.619
 44   0   40.710
 44   1   38.539
 44   2   34.792
 44   3   24.399
 44   4   23.249
 44   5   22.033
 44   6   20.566
 44   7   20.666
 44   8   20.284
 44   9   20.430
 44  10   20.977
 44  11   21.989
 44  12   23.305
 44  13   24.551
 44  14   25.575
 44  15   25.771
 44  16   24.896
 44  17   22.755
 44  18   20.844
 44  19   18.786
 44  20   18.102
 44  21   17.669
 44  22   16.619
 44  23   16.046
 44  24   13.986
 44  25   11.534
 44  26   10.106
 44  27   14.529
 44  28   13.621
 44  29   14.618
 44  30   14.817
 44  31    7.771
 44  32    5.706
 44  33    8.389
 44  34   10.401
 44  35   11.637
 44  36   17.008
 44  37   23.414
 44  38   27.080
 44  39   33.459
 44  40   34.248
 44  41   42.009
 44  42   51.672
 44  43   58.813
 44  44   66.016
 44  45   73.406
 44  46   80.660
 44  47   90.355
 44  48   98.254
 44  49  107.465
 44  50  117.357
 44  51  136.246
 45   0   45.126
 45   1   43.565
 45   2   39.786
 45   3   28.405
 45   4   28.094
 45   5   26.651
 45   6   25.339
 45   7   25.442
 45   8   25.176
 45   9   25.375
 45  10   25.938
 45  11   26.951
 45  12   28.262
 45  13   29.447
 45  14   30.406
 45  15   30.494
 45  16   29.747
 45  17   27.250
 45  18   25.393
 45  19   23.079
 45  20   22.733
 45  21   21.961
 45  22   20.228
 45  23   18.287
 45  24   15.929
 45  25   13.819
 45  26   12.353
 45  27   11.634
 45  28   10.877
 45  29   10.417
 45  30   10.651
 45  31    9.413
 45  32    8.569
 45  33    8.917
 45  34   11.304
 45  35   13.446
 45  36   15.744
 45  37   21.159
 45  38   27.073
 45  39   30.987
 45  40   36.664
 45  41   39.004
 45  42   47.053
 45  43   54.444
 45  44   61.382
 45  45   68.773
 45  46   76.033
 45  47   85.744
 45  48   93.832
 45  49  102.886
 45  50  119.954
 45  51  140.537
 46   0   50.870
 46   1   50.330
 46   2   46.637
 46   3   34.026
 46   4   34.742
 46   5   32.941
 46   6   31.864
 46   7   31.971
 46   8   31.909
 46   9   32.211
 46  10   32.803
 46  11   33.820
 46  12   35.120
 46  13   36.186
 46  14   37.031
 46  15   36.942
 46  16   36.408
 46  17   33.380
 46  18   31.599
 46  19   28.998
 46  20   29.231
 46  21   28.646
 46  22   26.387
 46  23   23.955
 46  24   21.264
 46  25   18.907
 46  26   17.423
 46  27   17.852
 46  28   17.077
 46  29   16.725
 46  30   16.970
 46  31   14.719
 46  32   13.358
 46  33   14.564
 46  34   16.845
 46  35   18.681
 46  36   21.762
 46  37   27.307
 46  38   32.851
 46  39   37.159
 46  40   41.653
 46  41   45.225
 46  42   53.377
 46  43   60.757
 46  44   67.708
 46  45   75.098
 46  46   82.358
 46  47   92.069
 46  48  100.147
 46  49  109.209
 46  50  124.863
 46  51  144.546
 47   0   57.130
 47   1   59.864
 47   2   58.428
 47   3   40.143
 47   4   44.460
 47   5   40.630
 47   6   40.659
 47   7   40.797
 47   8   42.589
 47   9   45.049
 47  10   46.900
 47  11   48.099
 47  12   48.804
 47  13   46.966
 47  14   46.554
 47  15   45.315
 47  16   46.250
 47  17   40.562
 47  18   39.010
 47  19   35.679
 47  20   38.082
 47  21   40.376
 47  22   35.496
 47  23   31.917
 47  24   28.616
 47  25   25.880
 47  26   24.389
 47  27   29.506
 47  28   28.497
 47  29   30.176
 47  30   30.422
 47  31   22.063
 47  32   19.951
 47  33   22.737
 47  34   24.726
 47  35   25.915
 47  36   31.539
 47  37   38.129
 47  38   41.468
 47  39   48.229
 47  40   48.505
 47  41   56.933
 47  42   67.492
 47  43   74.428
 47  44   81.849
 47  45   89.237
 47  46   96.486
 47  47  106.166
 47  48  113.910
 47  49  123.248
 47  50  131.608
 47  51  150.461
 48   0   64.774
 48   1   66.272
 48   2   63.440
 48   3   47.788
 48   4   50.780
 48   5   47.836
 48   6   47.431
 48   7   47.556
 48   8   48.351
 48   9   49.271
 48  10   50.077
 48  11   51.118
 48  12   52.333
 48  13   52.666
 48  14   52.977
 48  15   52.266
 48  16   52.503
 48  17   47.932
 48  18   46.308
 48  19   43.188
 48  20   44.822
 48  21   45.403
 48  22   41.829
 48  23   38.664
 48  24   35.546
 48  25   32.911
 48  26   31.421
 48  27   34.368
 48  28   33.516
 48  29   33.694
 48  30   33.942
 48  31   28.994
 48  32   27.074
 48  33   29.403
 48  34   31.492
 48  35   32.876
 48  36   37.516
 48  37   43.526
 48  38   47.968
 48  39   53.473
 48  40   55.566
 48  41   61.758
 48  42   70.459
 48  43   77.765
 48  44   84.793
 48  45   92.184
 48  46   99.442
 48  47  109.148
 48  48  117.172
 48  49  126.292
 48  50  138.695
 48  51  157.724
 49   0   72.302
 49   1   73.871
 49   2   71.362
 49   3   55.135
 49   4   58.517
 49   5   55.329
 49   6   55.051
 49   7   55.179
 49   8   56.213
 49   9   57.383
 49  10   58.298
 49  11   59.352
 49  12   60.521
 49  13   60.541
 49  14   60.689
 49  15   59.836
 49  16   60.257
 49  17   55.373
 49  18   53.772
 49  19   50.583
 49  20   52.452
 49  21   53.316
 49  22   49.255
 49  23   45.928
 49  24   42.733
 49  25   40.055
 49  26   38.565
 49  27   42.246
 49  28   41.354
 49  29   41.848
 49  30   42.095
 49  31   36.181
 49  32   34.178
 49  33   36.700
 49  34   38.748
 49  35   40.051
 49  36   45.068
 49  37   51.259
 49  38   55.330
 49  39   61.250
 49  40   62.697
 49  41   69.645
 49  42   78.696
 49  43   85.948
 49  44   93.033
 49  45  100.423
 49  46  107.680
 49  47  117.383
 49  48  125.366
 49  49  134.520
 49  50  145.814
 49  51  164.764
 50   0   85.646
 50   1   80.418
 50   2   76.327
 50   3   68.391
 50   4   64.793
 50   5   63.985
 50   6   62.229
 50   7   62.324
 50   8   61.754
 50   9   61.820
 50  10   62.346
 50  11   63.355
 50  12   64.680
 50  13   66.015
 50  14   67.137
 50  15   67.514
 50  16   66.426
 50  17   64.959
 50  18   62.907
 50  19   61.408
 50  20   59.554
 50  21   58.267
 50  22   56.392
 50  23   54.361
 50  24   52.060
 50  25   50.057
 50  26   48.575
 50  27   47.306
 50  28   46.553
 50  29   46.061
 50  30   46.310
 50  31   45.510
 50  32   45.003
 50  33   44.820
 50  34   47.258
 50  35   49.563
 50  36   51.487
 50  37   56.853
 50  38   62.912
 50  39   66.674
 50  40   72.938
 50  41   74.673
 50  42   82.687
 50  43   90.082
 50  44   97.016
 50  45  104.407
 50  46  111.667
 50  47  121.379
 50  48  129.469
 50  49  138.534
 50  50  156.285
 50  51  177.816
